1 0.5070921985815603
2 0.507717980809345
3 0.5079787234042553
4 0.5083959115561119
5 0.5086566541510221
6 0.5091781393408428
7 0.509386733416771
8 0.5100646641635378
9 0.510273258239466
10 0.5106904463913224
11 0.5112119315811431
12 0.5115769712140176
13 0.5116812682519817
14 0.511994159365874
15 0.5124113475177305
16 0.5126199415936588
17 0.5131414267834794
18 0.513767209011264
19 0.5139758030871924
20 0.5143929912390488
21 0.5147580308719233
22 0.5148623279098874
23 0.5150709219858156
24 0.51543596161869
25 0.5158010012515645
26 0.5163224864413851
27 0.5167396745932415
28 0.5170004171881518
29 0.5177304964539007
30 0.5178347934918648
31 0.5181998331247393
32 0.5185127242386316
33 0.5194513975803087
34 0.5198685857321652
35 0.5202857738840216
36 0.5207551105548602
37 0.5211722987067168
38 0.5216937838965373
39 0.5219545264914477
40 0.5219545264914477
41 0.5224760116812682
42 0.5224760116812682
43 0.5230496453900709
44 0.5234146850229453
45 0.5237275761368377
46 0.5240926157697121
47 0.5244576554025866
48 0.5249269920734251
49 0.5251877346683355
50 0.5253963287442637
51 0.5259699624530664
52 0.5263350020859408
53 0.526543596161869
54 0.5267000417188152
55 0.5269607843137255
56 0.5275344180225282
57 0.5275344180225282
58 0.5282123487692949
59 0.5285252398831873
60 0.5289945765540258
61 0.5292553191489362
62 0.5294639132248644
63 0.5294639132248644
64 0.5300896954526492
65 0.5305590321234877
66 0.5305590321234877
67 0.5310283687943262
68 0.5314455569461827
69 0.5315498539841469
70 0.5318627450980392
71 0.5320191906549854
72 0.5321234876929495
73 0.5322799332498958
74 0.5327492699207342
75 0.5329578639966625
76 0.533427200667501
77 0.5337400917813934
78 0.5341572799332499
79 0.5343137254901961
80 0.5343137254901961
81 0.5347830621610347
82 0.5349395077179808
83 0.5353045473508552
84 0.5361389236545682
85 0.5363996662494785
86 0.5365561118064247
87 0.5367647058823529
88 0.5371818940342095
89 0.5373383395911556
90 0.5374947851481018
91 0.5378076762619941
92 0.5381205673758865
93 0.5383813099707968
94 0.5390070921985816
95 0.5393199833124739
96 0.5395285773884022
97 0.5397371714643304
98 0.5406758448060075
99 0.5408844388819357
100 0.5408844388819357
101 0.5411973299958281
102 0.541875260742595
103 0.541875260742595
104 0.5420317062995411
105 0.5420317062995411
106 0.5422403003754693
107 0.5425531914893617
108 0.5426574885273259
109 0.542813934084272
110 0.5428660826032541
111 0.5428660826032541
112 0.5429182311222361
113 0.5431789737171464
114 0.5433875677930746
115 0.5433875677930746
116 0.543648310387985
117 0.5441176470588235
118 0.5443262411347518
119 0.54453483521068
120 0.5446912807676262
121 0.5446912807676262
122 0.5447434292866082
123 0.5451084689194827
124 0.5451084689194827
125 0.5451084689194827
126 0.5452649144764289
127 0.5455778055903212
128 0.5455778055903212
129 0.5457863996662495
130 0.5458385481852316
131 0.5460471422611598
132 0.5460992907801419
133 0.546255736337088
134 0.5464121818940342
135 0.5464643304130162
136 0.5469858156028369
137 0.547090112640801
138 0.5473508552357113
139 0.5477158948685857
140 0.547976637463496
141 0.5485502711722987
142 0.5486024196912808
143 0.5487067167292449
144 0.5487067167292449
145 0.5487067167292449
146 0.5489674593241552
147 0.5493324989570296
148 0.5493846474760117
149 0.5495410930329578
150 0.5498539841468503
151 0.5498539841468503
152 0.5501668752607426
153 0.5504276178556529
154 0.5508448060075094
155 0.5508448060075094
156 0.5512098456403838
157 0.5512098456403838
158 0.55136629119733
159 0.5520442219440967
160 0.5526700041718815
161 0.5527221526908636
162 0.5529307467667918
163 0.5529307467667918
164 0.5532436378806842
165 0.5537129745515227
166 0.5537129745515227
167 0.5541823112223613
168 0.5543387567793074
169 0.5547037964121819
170 0.5547037964121819
171 0.5548602419691281
172 0.5548602419691281
173 0.5548602419691281
174 0.5549123904881101
175 0.5552252816020025
176 0.5554338756779308
177 0.5554338756779308
178 0.555642469753859
179 0.5558510638297872
180 0.5560075093867334
181 0.5562682519816438
182 0.5568418856904463
183 0.5568418856904463
184 0.5569461827284106
185 0.5569983312473926
186 0.5571026282853567
187 0.5571026282853567
188 0.5572590738423029
189 0.5578848560700876
190 0.5578848560700876
191 0.55819774718398
192 0.55819774718398
193 0.55819774718398
194 0.5583020442219441
195 0.5583020442219441
196 0.5583541927409261
197 0.5590321234876929
198 0.5590321234876929
199 0.5592407175636211
200 0.5592407175636211
201 0.5592407175636211
202 0.5592407175636211
203 0.5598664997914059
204 0.5601272423863163
205 0.5601272423863163
206 0.5601272423863163
207 0.5602836879432624
208 0.5602836879432624
209 0.5607530246141009
210 0.560857321652065
211 0.560857321652065
212 0.560857321652065
213 0.5609616186900293
214 0.5609616186900293
215 0.5611702127659575
216 0.5611702127659575
217 0.5613266583229036
218 0.5613788068418857
219 0.5614309553608677
220 0.5615874009178139
221 0.5617959949937422
222 0.5621088861076345
223 0.5622653316645807
224 0.5624217772215269
225 0.5624217772215269
226 0.5624217772215269
227 0.5628389653733834
228 0.5628389653733834
229 0.5629954109303296
230 0.5631518564872757
231 0.5632561535252398
232 0.5634647476011682
233 0.5634647476011682
234 0.5636211931581143
235 0.5636211931581143
236 0.5636211931581143
237 0.5636733416770964
238 0.5636733416770964
239 0.5636733416770964
240 0.5636733416770964
241 0.5637254901960784
242 0.5639340842720066
243 0.5640383813099707
244 0.564194826866917
245 0.5642469753858991
246 0.5644034209428452
247 0.5645598664997914
248 0.5645598664997914
249 0.5645598664997914
250 0.5647163120567376
251 0.56502920317063
252 0.5653420942845223
253 0.5655506883604505
254 0.5655506883604505
255 0.5656549853984146
256 0.5656549853984146
257 0.5657071339173968
258 0.565915727993325
259 0.565915727993325
260 0.5662286191072173
261 0.5663329161451814
262 0.5664372131831455
263 0.5664372131831455
264 0.5664372131831455
265 0.5664372131831455
266 0.5664893617021277
267 0.5665415102211098
268 0.5666979557780559
269 0.5666979557780559
270 0.566750104297038
271 0.566750104297038
272 0.566750104297038
273 0.56680225281602
274 0.5668544013350021
275 0.5670108468919483
276 0.5671672924488944
277 0.567636629119733
278 0.567636629119733
279 0.567636629119733
280 0.5679495202336253
281 0.5680538172715894
282 0.5681059657905716
283 0.5683667083854819
284 0.5683667083854819
285 0.5683667083854819
286 0.5683667083854819
287 0.5685753024614101
288 0.5687317480183562
289 0.5687317480183562
290 0.5687838965373383
291 0.5687838965373383
292 0.5689403420942846
293 0.5689403420942846
294 0.5690967876512307
295 0.5690967876512307
296 0.5692010846891948
297 0.569409678765123
298 0.569409678765123
299 0.5698268669169796
300 0.5700876095118899
301 0.5700876095118899
302 0.5700876095118899
303 0.5700876095118899
304 0.5701397580308719
305 0.5703483521068001
306 0.5705047976637464
307 0.5708698372966208
308 0.5708698372966208
309 0.5709741343345849
310 0.5710262828535669
311 0.5712348769294952
312 0.5712870254484773
313 0.5715999165623696
314 0.5715999165623696
315 0.5715999165623696
316 0.5715999165623696
317 0.5717042136003337
318 0.5717563621193158
319 0.5717563621193158
320 0.571912807676262
321 0.571912807676262
322 0.5720692532332082
323 0.5721735502711723
324 0.5722778473091364
325 0.5723821443471006
326 0.5723821443471006
327 0.5725907384230288
328 0.5726428869420108
329 0.5729036295369212
330 0.5731122236128494
331 0.5731122236128494
332 0.5731122236128494
333 0.5731122236128494
334 0.5731122236128494
335 0.5731122236128494
336 0.5732165206508135
337 0.5733729662077597
338 0.5733729662077597
339 0.5734251147267417
340 0.57363370880267
341 0.57363370880267
342 0.5739465999165624
343 0.5739987484355444
344 0.5739987484355444
345 0.5741030454735085
346 0.5743116395494368
347 0.5743116395494368
348 0.5745202336253651
349 0.5746245306633292
350 0.5746766791823112
351 0.5746766791823112
352 0.5746766791823112
353 0.5747809762202754
354 0.5748852732582395
355 0.5749374217772215
356 0.5749374217772215
357 0.5751460158531497
358 0.575250312891114
359 0.575250312891114
360 0.575250312891114
361 0.575250312891114
362 0.575250312891114
363 0.575250312891114
364 0.575250312891114
365 0.575302461410096
366 0.5760846891948269
367 0.5763975803087192
368 0.5763975803087192
369 0.5763975803087192
370 0.5763975803087192
371 0.5763975803087192
372 0.5763975803087192
373 0.5763975803087192
374 0.5763975803087192
375 0.5763975803087192
376 0.5768669169795578
377 0.577023362536504
378 0.5771276595744681
379 0.5771798080934502
380 0.5773884021693784
381 0.5773884021693784
382 0.5774926992073425
383 0.5774926992073425
384 0.5775448477263245
385 0.5775448477263245
386 0.5775448477263245
387 0.5776491447642887
388 0.5777012932832708
389 0.5777012932832708
390 0.5777012932832708
391 0.5777534418022529
392 0.577909887359199
393 0.577909887359199
394 0.5779620358781811
395 0.5782749269920734
396 0.5784835210680017
397 0.5785356695869838
398 0.5785356695869838
399 0.5785356695869838
400 0.5785356695869838
401 0.5785878181059658
402 0.578744263662912
403 0.578796412181894
404 0.578796412181894
405 0.578796412181894
406 0.5789007092198581
407 0.5789528577388402
408 0.5789528577388402
409 0.5789528577388402
410 0.5789528577388402
411 0.5789528577388402
412 0.5790050062578223
413 0.5790050062578223
414 0.5790571547768043
415 0.5790571547768043
416 0.5791093032957864
417 0.5791093032957864
418 0.5791093032957864
419 0.5791614518147684
420 0.5791614518147684
421 0.5791614518147684
422 0.5791614518147684
423 0.5791614518147684
424 0.5793178973717147
425 0.5793700458906967
426 0.5796829370045891
427 0.5797350855235711
428 0.5797350855235711
429 0.5798393825615352
430 0.5798393825615352
431 0.5798393825615352
432 0.5798393825615352
433 0.5798915310805173
434 0.5798915310805173
435 0.5798915310805173
436 0.5798915310805173
437 0.5799958281184814
438 0.5801522736754277
439 0.5801522736754277
440 0.5803087192323738
441 0.5803087192323738
442 0.580517313308302
443 0.580517313308302
444 0.5807259073842302
445 0.5807259073842302
446 0.5807259073842302
447 0.5807780559032123
448 0.5807780559032123
449 0.5809866499791406
450 0.5809866499791406
451 0.5810909470171047
452 0.5810909470171047
453 0.5810909470171047
454 0.5810909470171047
455 0.5810909470171047
456 0.5811430955360868
457 0.5811430955360868
458 0.5811430955360868
459 0.5811952440550688
460 0.5811952440550688
461 0.5812473925740509
462 0.5812473925740509
463 0.5812473925740509
464 0.5812473925740509
465 0.5812473925740509
466 0.5812473925740509
467 0.581351689612015
468 0.581403838130997
469 0.5816645807259074
470 0.5817167292448895
471 0.5817167292448895
472 0.5817167292448895
473 0.5817167292448895
474 0.5818210262828536
475 0.5819253233208177
476 0.5819253233208177
477 0.5819774718397998
478 0.5819774718397998
479 0.5819774718397998
480 0.5819774718397998
481 0.5819774718397998
482 0.5819774718397998
483 0.5820817688777639
484 0.5820817688777639
485 0.582186065915728
486 0.582186065915728
487 0.582186065915728
488 0.582186065915728
489 0.582186065915728
490 0.582186065915728
491 0.582186065915728
492 0.58223821443471
493 0.58223821443471
494 0.58223821443471
495 0.58223821443471
496 0.58223821443471
497 0.58223821443471
498 0.58223821443471
499 0.58223821443471
500 0.58223821443471
501 0.58223821443471
502 0.5823425114726741
503 0.5823946599916562
504 0.5823946599916562
505 0.5823946599916562
506 0.5824468085106383
507 0.5825511055486025
508 0.5825511055486025
509 0.5825511055486025
510 0.5825511055486025
511 0.5825511055486025
512 0.5825511055486025
513 0.5826032540675845
514 0.5826032540675845
515 0.5826032540675845
516 0.5827596996245307
517 0.5827596996245307
518 0.5829682937004589
519 0.5829682937004589
520 0.5829682937004589
521 0.5829682937004589
522 0.5829682937004589
523 0.5829682937004589
524 0.5829682937004589
525 0.5829682937004589
526 0.5829682937004589
527 0.583072590738423
528 0.583072590738423
529 0.583072590738423
530 0.583072590738423
531 0.583072590738423
532 0.583072590738423
533 0.583124739257405
534 0.5832290362953693
535 0.5832290362953693
536 0.5832811848143513
537 0.5832811848143513
538 0.5833333333333334
539 0.5833333333333334
540 0.5833333333333334
541 0.5833333333333334
542 0.5833333333333334
543 0.5833333333333334
544 0.5834897788902795
545 0.5834897788902795
546 0.5834897788902795
547 0.5835419274092616
548 0.5836462244472257
549 0.5836462244472257
550 0.5836983729662077
551 0.5836983729662077
552 0.5838026700041719
553 0.5838026700041719
554 0.5838026700041719
555 0.5838026700041719
556 0.5838026700041719
557 0.5838548185231539
558 0.5838548185231539
559 0.583906967042136
560 0.583959115561118
561 0.583959115561118
562 0.5840112640801002
563 0.5840112640801002
564 0.5840112640801002
565 0.5840112640801002
566 0.5840112640801002
567 0.5840112640801002
568 0.5840112640801002
569 0.5840634125990822
570 0.5840634125990822
571 0.5840634125990822
572 0.5841677096370463
573 0.5842198581560284
574 0.5843763037129746
575 0.5843763037129746
576 0.5843763037129746
577 0.5843763037129746
578 0.5843763037129746
579 0.5844806007509387
580 0.5844806007509387
581 0.5844806007509387
582 0.5844806007509387
583 0.5844806007509387
584 0.5844806007509387
585 0.5845327492699207
586 0.5845327492699207
587 0.5845327492699207
588 0.5845848977889028
589 0.5845848977889028
590 0.5845848977889028
591 0.5846370463078848
592 0.5846370463078848
593 0.5846370463078848
594 0.5847413433458489
595 0.5847934918648311
596 0.5847934918648311
597 0.5847934918648311
598 0.5847934918648311
599 0.5848456403838131
600 0.5848456403838131
601 0.5848456403838131
602 0.5848977889027952
603 0.5848977889027952
604 0.5848977889027952
605 0.5848977889027952
606 0.5848977889027952
607 0.5848977889027952
608 0.5848977889027952
609 0.5848977889027952
610 0.5848977889027952
611 0.5848977889027952
612 0.5849499374217773
613 0.5849499374217773
614 0.5850020859407593
615 0.5850020859407593
616 0.5850020859407593
617 0.5850020859407593
618 0.5850542344597414
619 0.5850542344597414
620 0.5852628285356696
621 0.5853149770546516
622 0.5853671255736337
623 0.5853671255736337
624 0.5853671255736337
625 0.5853671255736337
626 0.5853671255736337
627 0.5854192740926157
628 0.5854192740926157
629 0.5854192740926157
630 0.5855235711305798
631 0.5855757196495619
632 0.5856800166875261
633 0.5856800166875261
634 0.5856800166875261
635 0.5857321652065082
636 0.5857843137254902
637 0.5857843137254902
638 0.5857843137254902
639 0.5857843137254902
640 0.5857843137254902
641 0.5858886107634543
642 0.5858886107634543
643 0.5858886107634543
644 0.5858886107634543
645 0.5858886107634543
646 0.5858886107634543
647 0.5858886107634543
648 0.5858886107634543
649 0.5858886107634543
650 0.5858886107634543
651 0.5858886107634543
652 0.5858886107634543
653 0.5858886107634543
654 0.5858886107634543
655 0.5859929078014184
656 0.5861493533583646
657 0.586410095953275
658 0.586410095953275
659 0.5866708385481852
660 0.5866708385481852
661 0.5866708385481852
662 0.5866708385481852
663 0.5866708385481852
664 0.5866708385481852
665 0.5866708385481852
666 0.5866708385481852
667 0.5866708385481852
668 0.5867751355861494
669 0.5867751355861494
670 0.5867751355861494
671 0.5867751355861494
672 0.5867751355861494
673 0.5868272841051314
674 0.5868272841051314
675 0.5868272841051314
676 0.5868272841051314
677 0.5868272841051314
678 0.5868272841051314
679 0.5868272841051314
680 0.5868272841051314
681 0.5868272841051314
682 0.5869315811430955
683 0.5869315811430955
684 0.5869315811430955
685 0.5869315811430955
686 0.5869315811430955
687 0.5869315811430955
688 0.5869315811430955
689 0.5869315811430955
690 0.5869315811430955
691 0.5869315811430955
692 0.5869315811430955
693 0.5869315811430955
694 0.5869315811430955
695 0.5869315811430955
696 0.5869315811430955
697 0.5869315811430955
698 0.5869837296620776
699 0.5869837296620776
700 0.5869837296620776
701 0.5869837296620776
702 0.5869837296620776
703 0.5869837296620776
704 0.5869837296620776
705 0.5870358781810596
706 0.5870358781810596
707 0.5870358781810596
708 0.5870358781810596
709 0.5870358781810596
710 0.5870358781810596
711 0.5870358781810596
712 0.5870358781810596
713 0.5870358781810596
714 0.5870358781810596
715 0.5870358781810596
716 0.5870880267000417
717 0.5870880267000417
718 0.5870880267000417
719 0.5871401752190237
720 0.5871401752190237
721 0.5871401752190237
722 0.5871401752190237
723 0.5871401752190237
724 0.5871401752190237
725 0.5871401752190237
726 0.5871401752190237
727 0.5871923237380059
728 0.587244472256988
729 0.5873487692949521
730 0.5874530663329162
731 0.5874530663329162
732 0.5874530663329162
733 0.5874530663329162
734 0.5874530663329162
735 0.5874530663329162
736 0.5874530663329162
737 0.5874530663329162
738 0.5874530663329162
739 0.5874530663329162
740 0.5874530663329162
741 0.5874530663329162
742 0.5874530663329162
743 0.5874530663329162
744 0.5874530663329162
745 0.5874530663329162
746 0.5874530663329162
747 0.5874530663329162
748 0.5874530663329162
749 0.5874530663329162
750 0.5874530663329162
751 0.5874530663329162
752 0.5874530663329162
753 0.5874530663329162
754 0.5874530663329162
755 0.5874530663329162
756 0.5874530663329162
757 0.5876095118898623
758 0.5876095118898623
759 0.5876095118898623
760 0.5876095118898623
761 0.5877138089278264
762 0.5877138089278264
763 0.5877138089278264
764 0.5877659574468085
765 0.5877659574468085
766 0.5877659574468085
767 0.5877659574468085
768 0.5877659574468085
769 0.5877659574468085
770 0.5877659574468085
771 0.5877659574468085
772 0.5877659574468085
773 0.5877659574468085
774 0.5877659574468085
775 0.5877659574468085
776 0.5878702544847726
777 0.5878702544847726
778 0.5878702544847726
779 0.5878702544847726
780 0.5878702544847726
781 0.5878702544847726
782 0.5878702544847726
783 0.5878702544847726
784 0.5879745515227367
785 0.5879745515227367
786 0.5879745515227367
787 0.588130997079683
788 0.588130997079683
789 0.588130997079683
790 0.5883395911556112
791 0.5883395911556112
792 0.5883395911556112
793 0.5884438881935753
794 0.5884438881935753
795 0.5884438881935753
796 0.5888089278264498
797 0.5888089278264498
798 0.5888089278264498
799 0.5888089278264498
800 0.5888610763454318
801 0.5888610763454318
802 0.5888610763454318
803 0.5888610763454318
804 0.5888610763454318
805 0.5889132248644139
806 0.5889132248644139
807 0.5889132248644139
808 0.5889132248644139
809 0.5889132248644139
810 0.5889132248644139
811 0.5889132248644139
812 0.5889132248644139
813 0.5889132248644139
814 0.5889132248644139
815 0.5889132248644139
816 0.5889653733833959
817 0.5889653733833959
818 0.5889653733833959
819 0.5889653733833959
820 0.5889653733833959
821 0.5889653733833959
822 0.5889653733833959
823 0.5889653733833959
824 0.5889653733833959
825 0.58906967042136
826 0.58906967042136
827 0.5891218189403421
828 0.5891739674593242
829 0.5891739674593242
830 0.5891739674593242
831 0.5891739674593242
832 0.5891739674593242
833 0.5891739674593242
834 0.5892261159783062
835 0.5892261159783062
836 0.5892261159783062
837 0.5892261159783062
838 0.5892261159783062
839 0.5893304130162703
840 0.5893304130162703
841 0.5893304130162703
842 0.5893304130162703
843 0.5893825615352524
844 0.5893825615352524
845 0.5893825615352524
846 0.5893825615352524
847 0.5893825615352524
848 0.5893825615352524
849 0.5894868585732165
850 0.5895911556111807
851 0.5895911556111807
852 0.5896433041301627
853 0.5896433041301627
854 0.5896954526491448
855 0.5896954526491448
856 0.5896954526491448
857 0.5896954526491448
858 0.5897476011681269
859 0.5897476011681269
860 0.5897476011681269
861 0.589851898206091
862 0.589904046725073
863 0.589904046725073
864 0.589904046725073
865 0.589904046725073
866 0.589904046725073
867 0.5899561952440551
868 0.5899561952440551
869 0.5900083437630371
870 0.5900083437630371
871 0.5900083437630371
872 0.5900083437630371
873 0.5900083437630371
874 0.5900083437630371
875 0.5900604922820192
876 0.5900604922820192
877 0.5900604922820192
878 0.5900604922820192
879 0.5900604922820192
880 0.5901126408010012
881 0.5901126408010012
882 0.5901126408010012
883 0.5901126408010012
884 0.5901126408010012
885 0.5901126408010012
886 0.5901647893199833
887 0.5901647893199833
888 0.5901647893199833
889 0.5901647893199833
890 0.5901647893199833
891 0.5901647893199833
892 0.5901647893199833
893 0.5901647893199833
894 0.5901647893199833
895 0.5901647893199833
896 0.5901647893199833
897 0.5902169378389653
898 0.5902169378389653
899 0.5903212348769294
900 0.5903212348769294
901 0.5903212348769294
902 0.5903212348769294
903 0.5903212348769294
904 0.5903212348769294
905 0.5903212348769294
906 0.5903212348769294
907 0.5903212348769294
908 0.5903212348769294
909 0.5905298289528578
910 0.5905819774718398
911 0.5905819774718398
912 0.5905819774718398
913 0.5905819774718398
914 0.5905819774718398
915 0.5905819774718398
916 0.5905819774718398
917 0.5905819774718398
918 0.5905819774718398
919 0.5905819774718398
920 0.5905819774718398
921 0.5905819774718398
922 0.5905819774718398
923 0.5905819774718398
924 0.5905819774718398
925 0.5905819774718398
926 0.5905819774718398
927 0.5905819774718398
928 0.590738423028786
929 0.590738423028786
930 0.590738423028786
931 0.590790571547768
932 0.590790571547768
933 0.590790571547768
934 0.590790571547768
935 0.590790571547768
936 0.590790571547768
937 0.590790571547768
938 0.5908427200667501
939 0.5908427200667501
940 0.5908948685857321
941 0.5908948685857321
942 0.5908948685857321
943 0.5908948685857321
944 0.5908948685857321
945 0.5908948685857321
946 0.5908948685857321
947 0.5908948685857321
948 0.5908948685857321
949 0.5908948685857321
950 0.5908948685857321
951 0.5908948685857321
952 0.5908948685857321
953 0.5908948685857321
954 0.5909991656236963
955 0.5909991656236963
956 0.5909991656236963
957 0.5909991656236963
958 0.5909991656236963
959 0.5909991656236963
960 0.5909991656236963
961 0.5909991656236963
962 0.5909991656236963
963 0.5909991656236963
964 0.5909991656236963
965 0.5909991656236963
966 0.5909991656236963
967 0.5909991656236963
968 0.5909991656236963
969 0.5909991656236963
970 0.5909991656236963
971 0.5909991656236963
972 0.5910513141426783
973 0.5910513141426783
974 0.5910513141426783
975 0.5910513141426783
976 0.5911034626616604
977 0.5911034626616604
978 0.5911034626616604
979 0.5911034626616604
980 0.5911034626616604
981 0.5911034626616604
982 0.5911034626616604
983 0.5911034626616604
984 0.5911034626616604
985 0.5911034626616604
986 0.5911034626616604
987 0.5911034626616604
988 0.5911034626616604
989 0.5911034626616604
990 0.5912077596996246
991 0.5912077596996246
992 0.5912077596996246
993 0.5912077596996246
994 0.5912077596996246
995 0.5912077596996246
996 0.5912077596996246
997 0.5912077596996246
998 0.5912077596996246
999 0.5912077596996246
