1 0.5053191489361702
2 0.5059449311639549
3 0.506779307467668
4 0.5071964956195244
5 0.5077701293283271
6 0.5080830204422194
7 0.5086566541510221
8 0.5095953274926992
9 0.5101689612015019
10 0.5103775552774301
11 0.5107425949103045
12 0.5109511889862328
13 0.5114726741760534
14 0.5116812682519817
15 0.5118898623279099
16 0.5121506049228202
17 0.5123070504797663
18 0.512880684188569
19 0.5131935753024615
20 0.5136107634543179
21 0.5138193575302461
22 0.5140801001251565
23 0.5140801001251565
24 0.5141322486441385
25 0.5144972882770129
26 0.5146537338339591
27 0.5149666249478515
28 0.5158010012515645
29 0.5158531497705465
30 0.5164267834793492
31 0.5167396745932415
32 0.5175219023779725
33 0.5179912390488111
34 0.5183041301627034
35 0.5187213183145599
36 0.5190863579474343
37 0.5192949520233625
38 0.5193992490613266
39 0.5195556946182729
40 0.5199728827701293
41 0.5201293283270755
42 0.5204422194409679
43 0.5208594075928243
44 0.5212765957446809
45 0.5212765957446809
46 0.5212765957446809
47 0.5215373383395911
48 0.5220066750104297
49 0.522215269086358
50 0.5226324572382144
51 0.5226324572382144
52 0.5228410513141427
53 0.5230496453900709
54 0.5235711305798916
55 0.5237797246558198
56 0.5241447642886942
57 0.5241447642886942
58 0.5244576554025866
59 0.524874843554443
60 0.5249791405924071
61 0.5252920317062996
62 0.5253441802252816
63 0.525709219858156
64 0.525761368377138
65 0.5258656654151022
66 0.5261264080100125
67 0.5263871506049228
68 0.5267000417188152
69 0.5270650813516896
70 0.5272215269086358
71 0.5279516061743846
72 0.5279516061743846
73 0.5281080517313308
74 0.5286295369211514
75 0.5288902795160617
76 0.5290467250730079
77 0.5292031706299541
78 0.5293596161869003
79 0.5293596161869003
80 0.529933249895703
81 0.529933249895703
82 0.5300375469336671
83 0.5301418439716312
84 0.5302461410095953
85 0.5304547350855235
86 0.5305068836045056
87 0.5308719232373801
88 0.5309762202753442
89 0.5314455569461827
90 0.5315498539841469
91 0.531654151022111
92 0.531654151022111
93 0.5321234876929495
94 0.5321756362119315
95 0.532540675844806
96 0.532540675844806
97 0.5328014184397163
98 0.5329057154776804
99 0.5329057154776804
100 0.5331664580725908
101 0.5332707551105549
102 0.5335836462244472
103 0.5340008343763037
104 0.5346266166040884
105 0.5348352106800167
106 0.5348352106800167
107 0.5348352106800167
108 0.5349916562369629
109 0.5354088443888193
110 0.5354088443888193
111 0.5356174384647476
112 0.5356174384647476
113 0.5360346266166041
114 0.5361910721735502
115 0.5361910721735502
116 0.5365039632874427
117 0.5366604088443888
118 0.5366604088443888
119 0.5369211514392991
120 0.5369211514392991
121 0.5369211514392991
122 0.5370254484772633
123 0.5374426366291197
124 0.5376512307050479
125 0.537755527743012
126 0.5378598247809763
127 0.5383291614518148
128 0.5383813099707968
129 0.5387463496036713
130 0.5387463496036713
131 0.5390070921985816
132 0.5395807259073843
133 0.5395807259073843
134 0.5395807259073843
135 0.5398936170212766
136 0.5399457655402586
137 0.5403629536921152
138 0.5403629536921152
139 0.5405193992490613
140 0.5409365874009178
141 0.5411451814768461
142 0.5411973299958281
143 0.5415623696287025
144 0.5418231122236129
145 0.541927409261577
146 0.5420838548185232
147 0.5423967459324155
148 0.5425531914893617
149 0.5428660826032541
150 0.5430225281602002
151 0.5430225281602002
152 0.5430225281602002
153 0.5430746766791823
154 0.5430746766791823
155 0.5432832707551105
156 0.5434918648310388
157 0.5434918648310388
158 0.5438047559449312
159 0.5438569044639132
160 0.5440133500208594
161 0.5440133500208594
162 0.5441697955778055
163 0.5442219440967877
164 0.54453483521068
165 0.5445869837296621
166 0.5447955778055903
167 0.5447955778055903
168 0.5448477263245723
169 0.5449520233625365
170 0.5449520233625365
171 0.5452127659574468
172 0.5452649144764289
173 0.5459428452231957
174 0.5460992907801419
175 0.5467772215269087
176 0.547090112640801
177 0.5473508552357113
178 0.5475594493116396
179 0.5476115978306216
180 0.5477680433875678
181 0.5481852315394243
182 0.5482373800584064
183 0.5485502711722987
184 0.548863162286191
185 0.548863162286191
186 0.5490196078431373
187 0.5490196078431373
188 0.5492803504380476
189 0.5495932415519399
190 0.549645390070922
191 0.549645390070922
192 0.5501147267417605
193 0.5502711722987067
194 0.5504797663746349
195 0.5505840634125991
196 0.5506362119315812
197 0.5508448060075094
198 0.5508969545264915
199 0.5511055486024197
200 0.5511576971214017
201 0.5514184397163121
202 0.5514705882352942
203 0.5514705882352942
204 0.5516791823112224
205 0.5518356278681685
206 0.5518356278681685
207 0.5520963704630788
208 0.5520963704630788
209 0.5525135586149353
210 0.5525135586149353
211 0.5525135586149353
212 0.5527743012098456
213 0.5527743012098456
214 0.5529828952857739
215 0.5529828952857739
216 0.5529828952857739
217 0.5529828952857739
218 0.553087192323738
219 0.553087192323738
220 0.553087192323738
221 0.553087192323738
222 0.5532436378806842
223 0.5532436378806842
224 0.5532436378806842
225 0.5532436378806842
226 0.5536086775135586
227 0.5536086775135586
228 0.5537651230705048
229 0.5537651230705048
230 0.553921568627451
231 0.553921568627451
232 0.5540258656654151
233 0.5540258656654151
234 0.5540258656654151
235 0.5543387567793074
236 0.5543387567793074
237 0.5543909052982895
238 0.5545473508552358
239 0.5545473508552358
240 0.554808093450146
241 0.5551209845640384
242 0.5552252816020025
243 0.5552774301209845
244 0.5554860241969128
245 0.555590321234877
246 0.5557467667918231
247 0.5557467667918231
248 0.5557467667918231
249 0.5557467667918231
250 0.5557989153108052
251 0.5560075093867334
252 0.5560075093867334
253 0.5562161034626617
254 0.5562161034626617
255 0.5564246975385899
256 0.556476846057572
257 0.5567375886524822
258 0.5567375886524822
259 0.5569983312473926
260 0.5571026282853567
261 0.5572069253233208
262 0.5572069253233208
263 0.5572069253233208
264 0.557363370880267
265 0.557363370880267
266 0.5574676679182311
267 0.5574676679182311
268 0.5579370045890697
269 0.5585106382978723
270 0.5585106382978723
271 0.5586670838548186
272 0.5586670838548186
273 0.5586670838548186
274 0.5586670838548186
275 0.5590321234876929
276 0.5590321234876929
277 0.5593450146015854
278 0.5595536086775136
279 0.5595536086775136
280 0.5597622027534418
281 0.5597622027534418
282 0.55997079682937
283 0.5601793909052983
284 0.5602315394242804
285 0.5602315394242804
286 0.5604922820191907
287 0.5605965790571548
288 0.5605965790571548
289 0.5605965790571548
290 0.5607530246141009
291 0.560805173133083
292 0.560857321652065
293 0.5610137672090113
294 0.5614309553608677
295 0.5614309553608677
296 0.5615874009178139
297 0.5615874009178139
298 0.5615874009178139
299 0.5615874009178139
300 0.5618481435127243
301 0.5618481435127243
302 0.5618481435127243
303 0.5618481435127243
304 0.5620045890696704
305 0.5623696287025448
306 0.5623696287025448
307 0.5626825198164372
308 0.5626825198164372
309 0.5626825198164372
310 0.5627868168544014
311 0.5627868168544014
312 0.5629954109303296
313 0.563360450563204
314 0.563360450563204
315 0.5634125990821861
316 0.5639340842720066
317 0.5639340842720066
318 0.5639340842720066
319 0.5639862327909887
320 0.5642469753858991
321 0.5642469753858991
322 0.5644034209428452
323 0.5644555694618273
324 0.5644555694618273
325 0.5644555694618273
326 0.5644555694618273
327 0.5647684605757196
328 0.5647684605757196
329 0.5649249061326659
330 0.5649249061326659
331 0.5649249061326659
332 0.5649249061326659
333 0.5649249061326659
334 0.56502920317063
335 0.5653420942845223
336 0.5653420942845223
337 0.5654463913224864
338 0.5654985398414685
339 0.5655506883604505
340 0.5657592824363789
341 0.5657592824363789
342 0.5657592824363789
343 0.565863579474343
344 0.5659678765123071
345 0.5662807676261994
346 0.5664372131831455
347 0.5664372131831455
348 0.5664372131831455
349 0.5664372131831455
350 0.5665415102211098
351 0.5668544013350021
352 0.5670108468919483
353 0.5670108468919483
354 0.5671151439299124
355 0.5671672924488944
356 0.5671672924488944
357 0.5671672924488944
358 0.5671672924488944
359 0.5674801835627868
360 0.567584480600751
361 0.567584480600751
362 0.567584480600751
363 0.5678452231956612
364 0.5678452231956612
365 0.5678973717146433
366 0.5680538172715894
367 0.5680538172715894
368 0.5681581143095537
369 0.5681581143095537
370 0.5681581143095537
371 0.5686795994993742
372 0.5686795994993742
373 0.5689403420942846
374 0.5689403420942846
375 0.5689403420942846
376 0.5689403420942846
377 0.5689403420942846
378 0.569409678765123
379 0.5695661243220692
380 0.5696704213600334
381 0.5699833124739258
382 0.5699833124739258
383 0.5699833124739258
384 0.5699833124739258
385 0.5699833124739258
386 0.5703483521068001
387 0.5703483521068001
388 0.5703483521068001
389 0.5703483521068001
390 0.5704005006257822
391 0.5706612432206926
392 0.5706612432206926
393 0.5706612432206926
394 0.5707655402586567
395 0.5708176887776387
396 0.5708176887776387
397 0.5708698372966208
398 0.5708698372966208
399 0.5708698372966208
400 0.5711827284105131
401 0.5711827284105131
402 0.5711827284105131
403 0.5715999165623696
404 0.5715999165623696
405 0.5715999165623696
406 0.5717563621193158
407 0.5717563621193158
408 0.5717563621193158
409 0.5718085106382979
410 0.5718085106382979
411 0.5720692532332082
412 0.5720692532332082
413 0.5720692532332082
414 0.5720692532332082
415 0.5720692532332082
416 0.5720692532332082
417 0.5721735502711723
418 0.5721735502711723
419 0.5721735502711723
420 0.5723299958281185
421 0.5724342928660826
422 0.5724342928660826
423 0.5724864413850647
424 0.5724864413850647
425 0.5724864413850647
426 0.5724864413850647
427 0.5724864413850647
428 0.5724864413850647
429 0.5727471839799749
430 0.5727471839799749
431 0.572799332498957
432 0.572799332498957
433 0.572799332498957
434 0.572799332498957
435 0.572799332498957
436 0.572799332498957
437 0.5729557780559033
438 0.5729557780559033
439 0.5730079265748853
440 0.5730079265748853
441 0.5730079265748853
442 0.5731643721318315
443 0.5731643721318315
444 0.5731643721318315
445 0.5731643721318315
446 0.5732165206508135
447 0.5732165206508135
448 0.5732165206508135
449 0.5734251147267417
450 0.5734251147267417
451 0.5734251147267417
452 0.5734251147267417
453 0.5734251147267417
454 0.5735815602836879
455 0.5737380058406342
456 0.5737380058406342
457 0.5737380058406342
458 0.5737380058406342
459 0.5737380058406342
460 0.5737380058406342
461 0.5738423028785983
462 0.5739465999165624
463 0.5739465999165624
464 0.5739465999165624
465 0.5743637880684188
466 0.5747809762202754
467 0.5747809762202754
468 0.5747809762202754
469 0.5747809762202754
470 0.5748852732582395
471 0.5748852732582395
472 0.5748852732582395
473 0.5748852732582395
474 0.5748852732582395
475 0.575250312891114
476 0.575250312891114
477 0.5754067584480601
478 0.5754067584480601
479 0.5754067584480601
480 0.5754067584480601
481 0.5754067584480601
482 0.5754067584480601
483 0.5755110554860242
484 0.5755110554860242
485 0.5755110554860242
486 0.5756153525239883
487 0.5757196495619524
488 0.5757717980809345
489 0.5758239465999165
490 0.5758760951188986
491 0.5760325406758448
492 0.5760325406758448
493 0.5760325406758448
494 0.5760325406758448
495 0.5760325406758448
496 0.5760846891948269
497 0.5760846891948269
498 0.5760846891948269
499 0.576188986232791
500 0.576188986232791
501 0.5763454317897372
502 0.5763454317897372
503 0.5763454317897372
504 0.5763454317897372
505 0.5763454317897372
506 0.5764497288277013
507 0.5764497288277013
508 0.5764497288277013
509 0.5764497288277013
510 0.5764497288277013
511 0.5764497288277013
512 0.5764497288277013
513 0.5765018773466833
514 0.5765018773466833
515 0.5765540258656654
516 0.5766061743846475
517 0.5766061743846475
518 0.5766061743846475
519 0.5766061743846475
520 0.5766583229036295
521 0.5766583229036295
522 0.5766583229036295
523 0.5766583229036295
524 0.5769190654985399
525 0.5769190654985399
526 0.5769190654985399
527 0.5769190654985399
528 0.5769190654985399
529 0.577023362536504
530 0.577023362536504
531 0.577023362536504
532 0.577023362536504
533 0.5772841051314143
534 0.5772841051314143
535 0.5772841051314143
536 0.5772841051314143
537 0.5774926992073425
538 0.5774926992073425
539 0.5774926992073425
540 0.5775448477263245
541 0.5775448477263245
542 0.5775448477263245
543 0.5776491447642887
544 0.5776491447642887
545 0.5776491447642887
546 0.5776491447642887
547 0.5776491447642887
548 0.5776491447642887
549 0.5776491447642887
550 0.5776491447642887
551 0.577857738840217
552 0.5779620358781811
553 0.5779620358781811
554 0.5781706299541093
555 0.5781706299541093
556 0.5781706299541093
557 0.5781706299541093
558 0.5781706299541093
559 0.5782227784730913
560 0.5788485607008761
561 0.5788485607008761
562 0.5788485607008761
563 0.5788485607008761
564 0.5788485607008761
565 0.5788485607008761
566 0.5788485607008761
567 0.5789007092198581
568 0.5789007092198581
569 0.5789007092198581
570 0.5789007092198581
571 0.5790050062578223
572 0.5790050062578223
573 0.5790050062578223
574 0.5791614518147684
575 0.5791614518147684
576 0.5791614518147684
577 0.5791614518147684
578 0.5792136003337505
579 0.5792136003337505
580 0.5792136003337505
581 0.5792657488527326
582 0.5792657488527326
583 0.5792657488527326
584 0.5792657488527326
585 0.5792657488527326
586 0.5792657488527326
587 0.5792657488527326
588 0.5792657488527326
589 0.5795264914476429
590 0.5796829370045891
591 0.5796829370045891
592 0.5797872340425532
593 0.5798393825615352
594 0.5798393825615352
595 0.5798393825615352
596 0.5801001251564456
597 0.5801001251564456
598 0.5801001251564456
599 0.5801001251564456
600 0.5801001251564456
601 0.5801001251564456
602 0.5801001251564456
603 0.5801001251564456
604 0.5802565707133918
605 0.5802565707133918
606 0.5803608677513559
607 0.5803608677513559
608 0.5803608677513559
609 0.5803608677513559
610 0.58046516478932
611 0.580517313308302
612 0.580517313308302
613 0.580517313308302
614 0.580517313308302
615 0.580517313308302
616 0.580517313308302
617 0.580517313308302
618 0.580517313308302
619 0.580517313308302
620 0.580517313308302
621 0.580517313308302
622 0.580517313308302
623 0.580517313308302
624 0.580517313308302
625 0.580517313308302
626 0.5806737588652482
627 0.5806737588652482
628 0.5807259073842302
629 0.5807780559032123
630 0.5807780559032123
631 0.5807780559032123
632 0.5807780559032123
633 0.5810909470171047
634 0.5812473925740509
635 0.5812473925740509
636 0.5812473925740509
637 0.5812473925740509
638 0.5812473925740509
639 0.581299541093033
640 0.581299541093033
641 0.581299541093033
642 0.581299541093033
643 0.581299541093033
644 0.581299541093033
645 0.581299541093033
646 0.581299541093033
647 0.5817688777638715
648 0.5817688777638715
649 0.5817688777638715
650 0.5817688777638715
651 0.5817688777638715
652 0.5817688777638715
653 0.5817688777638715
654 0.5817688777638715
655 0.5817688777638715
656 0.5817688777638715
657 0.5817688777638715
658 0.5820817688777639
659 0.5820817688777639
660 0.5820817688777639
661 0.5820817688777639
662 0.5820817688777639
663 0.5820817688777639
664 0.5820817688777639
665 0.5820817688777639
666 0.5820817688777639
667 0.5820817688777639
668 0.5820817688777639
669 0.5820817688777639
670 0.582186065915728
671 0.582186065915728
672 0.58223821443471
673 0.58223821443471
674 0.5824468085106383
675 0.5824468085106383
676 0.5824468085106383
677 0.5824468085106383
678 0.5824468085106383
679 0.5824468085106383
680 0.5824468085106383
681 0.5826032540675845
682 0.5826032540675845
683 0.5826032540675845
684 0.5826032540675845
685 0.5827075511055486
686 0.5827075511055486
687 0.5827075511055486
688 0.5827075511055486
689 0.5828118481435127
690 0.5828118481435127
691 0.5828639966624948
692 0.5828639966624948
693 0.5830204422194409
694 0.5830204422194409
695 0.5830204422194409
696 0.5830204422194409
697 0.5830204422194409
698 0.5830204422194409
699 0.5830204422194409
700 0.5830204422194409
701 0.5830204422194409
702 0.5830204422194409
703 0.5830204422194409
704 0.5830204422194409
705 0.5830204422194409
706 0.5830204422194409
707 0.5830204422194409
708 0.5830204422194409
709 0.583072590738423
710 0.583072590738423
711 0.583072590738423
712 0.5831768877763871
713 0.5831768877763871
714 0.5831768877763871
715 0.5831768877763871
716 0.5831768877763871
717 0.5832811848143513
718 0.5832811848143513
719 0.5832811848143513
720 0.5832811848143513
721 0.5832811848143513
722 0.5832811848143513
723 0.5833854818523154
724 0.5833854818523154
725 0.5833854818523154
726 0.5833854818523154
727 0.5833854818523154
728 0.5834376303712975
729 0.5834376303712975
730 0.5834376303712975
731 0.5834376303712975
732 0.5834376303712975
733 0.5834376303712975
734 0.5834376303712975
735 0.5834376303712975
736 0.5834376303712975
737 0.5834376303712975
738 0.5834376303712975
739 0.5834376303712975
740 0.5834376303712975
741 0.5834376303712975
742 0.5835419274092616
743 0.5835419274092616
744 0.5835419274092616
745 0.5836462244472257
746 0.5836462244472257
747 0.5836983729662077
748 0.5836983729662077
749 0.5836983729662077
750 0.5836983729662077
751 0.5837505214851898
752 0.5838026700041719
753 0.5838026700041719
754 0.5838026700041719
755 0.5838026700041719
756 0.583906967042136
757 0.583906967042136
758 0.5840112640801002
759 0.5840112640801002
760 0.5841155611180643
761 0.5841155611180643
762 0.5841155611180643
763 0.5841155611180643
764 0.5841155611180643
765 0.5841155611180643
766 0.5841155611180643
767 0.5841155611180643
768 0.5841677096370463
769 0.5841677096370463
770 0.5841677096370463
771 0.5841677096370463
772 0.5842720066750104
773 0.5842720066750104
774 0.5842720066750104
775 0.5842720066750104
776 0.5842720066750104
777 0.5842720066750104
778 0.5842720066750104
779 0.5842720066750104
780 0.5842720066750104
781 0.5842720066750104
782 0.5842720066750104
783 0.5843763037129746
784 0.5843763037129746
785 0.5843763037129746
786 0.5843763037129746
787 0.5844806007509387
788 0.5844806007509387
789 0.5844806007509387
790 0.5844806007509387
791 0.5847413433458489
792 0.5847413433458489
793 0.5847413433458489
794 0.5847413433458489
795 0.5847413433458489
796 0.5847413433458489
797 0.5847413433458489
798 0.5847413433458489
799 0.5847413433458489
800 0.5847413433458489
801 0.5847934918648311
802 0.5847934918648311
803 0.5847934918648311
804 0.5847934918648311
805 0.5847934918648311
806 0.5847934918648311
807 0.5847934918648311
808 0.5847934918648311
809 0.5847934918648311
810 0.5847934918648311
811 0.5850020859407593
812 0.5850020859407593
813 0.5850020859407593
814 0.5850020859407593
815 0.5850020859407593
816 0.5850020859407593
817 0.5850020859407593
818 0.5850020859407593
819 0.5850020859407593
820 0.5850020859407593
821 0.5850020859407593
822 0.5850020859407593
823 0.5850020859407593
824 0.5850020859407593
825 0.5850020859407593
826 0.5850020859407593
827 0.5850020859407593
828 0.5850020859407593
829 0.5850542344597414
830 0.5850542344597414
831 0.5850542344597414
832 0.5850542344597414
833 0.5850542344597414
834 0.5850542344597414
835 0.5850542344597414
836 0.5850542344597414
837 0.5850542344597414
838 0.5850542344597414
839 0.5850542344597414
840 0.5850542344597414
841 0.5850542344597414
842 0.5850542344597414
843 0.5850542344597414
844 0.5850542344597414
845 0.5850542344597414
846 0.5851063829787234
847 0.5851063829787234
848 0.5852628285356696
849 0.5852628285356696
850 0.5852628285356696
851 0.5852628285356696
852 0.5852628285356696
853 0.5852628285356696
854 0.5852628285356696
855 0.5852628285356696
856 0.5852628285356696
857 0.5852628285356696
858 0.5852628285356696
859 0.5854192740926157
860 0.5854192740926157
861 0.5854192740926157
862 0.5854192740926157
863 0.5854192740926157
864 0.5854192740926157
865 0.5854192740926157
866 0.5854192740926157
867 0.5854714226115978
868 0.5854714226115978
869 0.5854714226115978
870 0.5854714226115978
871 0.5854714226115978
872 0.5857843137254902
873 0.5857843137254902
874 0.5857843137254902
875 0.5857843137254902
876 0.5857843137254902
877 0.5857843137254902
878 0.5859407592824364
879 0.5859407592824364
880 0.5859407592824364
881 0.5859929078014184
882 0.5859929078014184
883 0.5859929078014184
884 0.5859929078014184
885 0.5860972048393825
886 0.5860972048393825
887 0.5860972048393825
888 0.5860972048393825
889 0.5860972048393825
890 0.5860972048393825
891 0.5860972048393825
892 0.5860972048393825
893 0.5860972048393825
894 0.5860972048393825
895 0.5860972048393825
896 0.5860972048393825
897 0.5860972048393825
898 0.5860972048393825
899 0.5860972048393825
900 0.5860972048393825
901 0.5860972048393825
902 0.5860972048393825
903 0.5860972048393825
904 0.5860972048393825
905 0.5862536503963287
906 0.5863057989153108
907 0.5863057989153108
908 0.5863057989153108
909 0.586410095953275
910 0.586410095953275
911 0.586410095953275
912 0.586410095953275
913 0.586410095953275
914 0.586410095953275
915 0.586462244472257
916 0.5865665415102211
917 0.5865665415102211
918 0.5865665415102211
919 0.5865665415102211
920 0.5865665415102211
921 0.5865665415102211
922 0.5865665415102211
923 0.5865665415102211
924 0.5865665415102211
925 0.5865665415102211
926 0.5865665415102211
927 0.5865665415102211
928 0.5865665415102211
929 0.5865665415102211
930 0.5865665415102211
931 0.5865665415102211
932 0.5866186900292032
933 0.5866186900292032
934 0.5866186900292032
935 0.5866186900292032
936 0.5866186900292032
937 0.5866186900292032
938 0.5866186900292032
939 0.5866186900292032
940 0.5866186900292032
941 0.5866708385481852
942 0.5866708385481852
943 0.5866708385481852
944 0.5866708385481852
945 0.5866708385481852
946 0.5866708385481852
947 0.5866708385481852
948 0.5868272841051314
949 0.5868272841051314
950 0.5868272841051314
951 0.5868272841051314
952 0.5868272841051314
953 0.5868272841051314
954 0.5868272841051314
955 0.5868272841051314
956 0.5868272841051314
957 0.5868272841051314
958 0.5868272841051314
959 0.5868272841051314
960 0.5869315811430955
961 0.5869315811430955
962 0.5869315811430955
963 0.5869315811430955
964 0.5870880267000417
965 0.5870880267000417
966 0.5870880267000417
967 0.5870880267000417
968 0.5870880267000417
969 0.5870880267000417
970 0.5870880267000417
971 0.5870880267000417
972 0.5870880267000417
973 0.5870880267000417
974 0.5870880267000417
975 0.5870880267000417
976 0.5870880267000417
977 0.5870880267000417
978 0.5870880267000417
979 0.5870880267000417
980 0.5870880267000417
981 0.5870880267000417
982 0.5870880267000417
983 0.5870880267000417
984 0.5870880267000417
985 0.5870880267000417
986 0.5870880267000417
987 0.5870880267000417
988 0.5870880267000417
989 0.5870880267000417
990 0.5870880267000417
991 0.5870880267000417
992 0.5870880267000417
993 0.5870880267000417
994 0.5870880267000417
995 0.5870880267000417
996 0.5870880267000417
997 0.5870880267000417
998 0.5870880267000417
999 0.5870880267000417
