1 0.5065185648727576
2 0.5065707133917396
3 0.5069357530246141
4 0.5080308719232374
5 0.5087088026700042
6 0.5088652482269503
7 0.509386733416771
8 0.5095431789737171
9 0.5098039215686274
10 0.5101168126825198
11 0.5107947434292867
12 0.5112119315811431
13 0.5117334167709637
14 0.511994159365874
15 0.5122549019607843
16 0.5126720901126408
17 0.5129328327075511
18 0.5131414267834794
19 0.5136107634543179
20 0.5136107634543179
21 0.5139758030871924
22 0.5140279516061744
23 0.5144451397580309
24 0.5149144764288694
25 0.5152273675427618
26 0.5157488527325824
27 0.5158010012515645
28 0.516270337922403
29 0.5165832290362954
30 0.5167396745932415
31 0.5170004171881518
32 0.5173133083020443
33 0.5173133083020443
34 0.5173654568210263
35 0.5179912390488111
36 0.5181998331247393
37 0.5183041301627034
38 0.5190863579474343
39 0.5191906549853984
40 0.5195556946182729
41 0.5200250312891114
42 0.5202857738840216
43 0.52049436795995
44 0.5210680016687526
45 0.5213287442636629
46 0.5214851898206091
47 0.5216416353775553
48 0.5216416353775553
49 0.5220588235294118
50 0.5220588235294118
51 0.5225803087192323
52 0.5228410513141427
53 0.5235711305798916
54 0.5238318731748018
55 0.5240404672507301
56 0.5240404672507301
57 0.524822695035461
58 0.525709219858156
59 0.5262307050479766
60 0.526595744680851
61 0.5267000417188152
62 0.5270129328327076
63 0.5271693783896537
64 0.5271693783896537
65 0.5281602002503129
66 0.5286816854401335
67 0.5290467250730079
68 0.5296203587818106
69 0.5296203587818106
70 0.5296203587818106
71 0.5297246558197747
72 0.5301418439716312
73 0.5305068836045056
74 0.5305068836045056
75 0.5306633291614519
76 0.5311326658322904
77 0.5315498539841469
78 0.5321234876929495
79 0.5321234876929495
80 0.5321756362119315
81 0.5324363788068419
82 0.532540675844806
83 0.5327492699207342
84 0.5332707551105549
85 0.5333229036295369
86 0.5336879432624113
87 0.5339486858573217
88 0.5343658740091781
89 0.5346266166040884
90 0.535095953274927
91 0.5353566958698373
92 0.5353566958698373
93 0.5361389236545682
94 0.5361389236545682
95 0.5361910721735502
96 0.5366082603254068
97 0.536816854401335
98 0.5372861910721736
99 0.5372861910721736
100 0.5373383395911556
101 0.5375469336670838
102 0.5375469336670838
103 0.5382770129328327
104 0.5383291614518148
105 0.5383291614518148
106 0.538589904046725
107 0.5393721318314559
108 0.5393721318314559
109 0.5397893199833125
110 0.5397893199833125
111 0.5398936170212766
112 0.5399979140592407
113 0.5401543596161869
114 0.5402065081351689
115 0.5403108051731331
116 0.5406236962870254
117 0.5406236962870254
118 0.5408322903629537
119 0.541093032957864
120 0.5415102211097205
121 0.5416145181476846
122 0.5416145181476846
123 0.5416145181476846
124 0.5418231122236129
125 0.5421360033375052
126 0.5421360033375052
127 0.5421881518564873
128 0.5423967459324155
129 0.5427096370463079
130 0.54276178556529
131 0.5429182311222361
132 0.5430746766791823
133 0.5431789737171464
134 0.5435440133500209
135 0.5435440133500209
136 0.5435440133500209
137 0.5438569044639132
138 0.5440654985398414
139 0.5441697955778055
140 0.5441697955778055
141 0.5444305381727159
142 0.5444305381727159
143 0.5444305381727159
144 0.54453483521068
145 0.54453483521068
146 0.5450041718815186
147 0.5450041718815186
148 0.5452649144764289
149 0.545369211514393
150 0.545369211514393
151 0.545421360033375
152 0.5458385481852316
153 0.5458385481852316
154 0.5463600333750521
155 0.5465686274509803
156 0.5469858156028369
157 0.5469858156028369
158 0.5469858156028369
159 0.5472465581977471
160 0.5472465581977471
161 0.5472987067167292
162 0.5475594493116396
163 0.5477158948685857
164 0.5477158948685857
165 0.5477680433875678
166 0.5478201919065498
167 0.5478201919065498
168 0.5481330830204422
169 0.5482373800584064
170 0.5484981226533167
171 0.5484981226533167
172 0.5486545682102628
173 0.5486545682102628
174 0.548811013767209
175 0.548811013767209
176 0.5491239048811014
177 0.5493846474760117
178 0.5493846474760117
179 0.5493846474760117
180 0.5499582811848144
181 0.550531914893617
182 0.550531914893617
183 0.5506883604505632
184 0.5509491030454735
185 0.5512098456403838
186 0.55136629119733
187 0.5514705882352942
188 0.5517834793491865
189 0.552200667501043
190 0.5523571130579892
191 0.5523571130579892
192 0.5523571130579892
193 0.5527221526908636
194 0.5527221526908636
195 0.5528264497288277
196 0.5529828952857739
197 0.5534000834376304
198 0.5534000834376304
199 0.5536086775135586
200 0.5536086775135586
201 0.5536086775135586
202 0.5536086775135586
203 0.5536608260325406
204 0.5538172715894869
205 0.5538172715894869
206 0.5538172715894869
207 0.5540258656654151
208 0.5545473508552358
209 0.5545473508552358
210 0.5547037964121819
211 0.5547037964121819
212 0.5547037964121819
213 0.5548602419691281
214 0.5552252816020025
215 0.5555381727158949
216 0.5557467667918231
217 0.5557467667918231
218 0.5559032123487693
219 0.5559032123487693
220 0.5562161034626617
221 0.5563725490196079
222 0.5564246975385899
223 0.5569983312473926
224 0.5572069253233208
225 0.557415519399249
226 0.5576762619941593
227 0.5576762619941593
228 0.5576762619941593
229 0.5579370045890697
230 0.5579370045890697
231 0.5583020442219441
232 0.5583541927409261
233 0.5584063412599082
234 0.5587713808927827
235 0.5589278264497288
236 0.5589799749687109
237 0.5589799749687109
238 0.5589799749687109
239 0.5593450146015854
240 0.5593971631205674
241 0.5593971631205674
242 0.5593971631205674
243 0.5596057571964956
244 0.5598664997914059
245 0.5598664997914059
246 0.5602315394242804
247 0.5607530246141009
248 0.5609616186900293
249 0.5609616186900293
250 0.5609616186900293
251 0.5610137672090113
252 0.5611702127659575
253 0.5612223612849395
254 0.5612745098039216
255 0.5613266583229036
256 0.5613266583229036
257 0.561691697955778
258 0.561691697955778
259 0.561691697955778
260 0.561691697955778
261 0.5617438464747602
262 0.5617438464747602
263 0.5619524405506884
264 0.5620045890696704
265 0.5622653316645807
266 0.5624217772215269
267 0.5626303712974552
268 0.5627868168544014
269 0.5627868168544014
270 0.5627868168544014
271 0.5630997079682937
272 0.5630997079682937
273 0.563360450563204
274 0.5635690446391323
275 0.5635690446391323
276 0.5635690446391323
277 0.5637254901960784
278 0.5638297872340425
279 0.5638297872340425
280 0.5642469753858991
281 0.5645598664997914
282 0.5645598664997914
283 0.5645598664997914
284 0.5646120150187734
285 0.5646641635377555
286 0.5646641635377555
287 0.5646641635377555
288 0.5646641635377555
289 0.5647684605757196
290 0.5648206090947017
291 0.5648206090947017
292 0.5648206090947017
293 0.56502920317063
294 0.5652899457655403
295 0.5652899457655403
296 0.5652899457655403
297 0.5653420942845223
298 0.5653942428035044
299 0.5653942428035044
300 0.5658114309553609
301 0.5658114309553609
302 0.5661243220692532
303 0.5661243220692532
304 0.5665936587400918
305 0.5665936587400918
306 0.5666979557780559
307 0.5666979557780559
308 0.5666979557780559
309 0.5666979557780559
310 0.5666979557780559
311 0.566750104297038
312 0.566750104297038
313 0.5670629954109303
314 0.5671672924488944
315 0.5677409261576971
316 0.5677409261576971
317 0.5679495202336253
318 0.5679495202336253
319 0.5680538172715894
320 0.5680538172715894
321 0.5681581143095537
322 0.5684188569044639
323 0.5684188569044639
324 0.5684188569044639
325 0.5684188569044639
326 0.5684188569044639
327 0.5685753024614101
328 0.5686795994993742
329 0.5689403420942846
330 0.5689403420942846
331 0.5689924906132666
332 0.5690967876512307
333 0.5690967876512307
334 0.5690967876512307
335 0.5690967876512307
336 0.5690967876512307
337 0.5690967876512307
338 0.5692010846891948
339 0.5692010846891948
340 0.5692532332081769
341 0.5692532332081769
342 0.5696182728410513
343 0.5696182728410513
344 0.5699311639549437
345 0.5699311639549437
346 0.5699311639549437
347 0.5700876095118899
348 0.5700876095118899
349 0.5700876095118899
350 0.5700876095118899
351 0.5700876095118899
352 0.5700876095118899
353 0.570191906549854
354 0.5702962035878181
355 0.5702962035878181
356 0.5702962035878181
357 0.5705047976637464
358 0.5705047976637464
359 0.5705047976637464
360 0.5707133917396746
361 0.5707133917396746
362 0.5707133917396746
363 0.5707133917396746
364 0.5707133917396746
365 0.5707655402586567
366 0.5708176887776387
367 0.5708176887776387
368 0.5708176887776387
369 0.5708176887776387
370 0.5708698372966208
371 0.571130579891531
372 0.571130579891531
373 0.571130579891531
374 0.5712870254484773
375 0.5712870254484773
376 0.5712870254484773
377 0.5715999165623696
378 0.5715999165623696
379 0.5715999165623696
380 0.5717563621193158
381 0.5718606591572799
382 0.5718606591572799
383 0.5718606591572799
384 0.5718606591572799
385 0.571964956195244
386 0.571964956195244
387 0.571964956195244
388 0.5720171047142261
389 0.5720171047142261
390 0.5722778473091364
391 0.5722778473091364
392 0.5725907384230288
393 0.5725907384230288
394 0.5725907384230288
395 0.5729557780559033
396 0.5729557780559033
397 0.5729557780559033
398 0.5730079265748853
399 0.5730079265748853
400 0.5731643721318315
401 0.5731643721318315
402 0.5733208176887776
403 0.5733208176887776
404 0.5733729662077597
405 0.5734251147267417
406 0.5734251147267417
407 0.5734772632457238
408 0.5734772632457238
409 0.5737901543596162
410 0.5737901543596162
411 0.5738423028785983
412 0.5740508969545265
413 0.5740508969545265
414 0.5744159365874009
415 0.5744159365874009
416 0.5744159365874009
417 0.5745202336253651
418 0.5746766791823112
419 0.5746766791823112
420 0.5746766791823112
421 0.5746766791823112
422 0.5746766791823112
423 0.5746766791823112
424 0.5747809762202754
425 0.5747809762202754
426 0.5747809762202754
427 0.5748331247392574
428 0.5748331247392574
429 0.5748852732582395
430 0.5749895702962036
431 0.5749895702962036
432 0.5749895702962036
433 0.5749895702962036
434 0.5750938673341677
435 0.5750938673341677
436 0.5751460158531497
437 0.5751460158531497
438 0.5754067584480601
439 0.5754067584480601
440 0.5754067584480601
441 0.5754067584480601
442 0.5754067584480601
443 0.5758239465999165
444 0.5760325406758448
445 0.5760325406758448
446 0.5760325406758448
447 0.5763454317897372
448 0.5764497288277013
449 0.5764497288277013
450 0.5764497288277013
451 0.5764497288277013
452 0.5764497288277013
453 0.5765540258656654
454 0.5765540258656654
455 0.5765540258656654
456 0.5765540258656654
457 0.5768669169795578
458 0.5769190654985399
459 0.5769190654985399
460 0.5769712140175219
461 0.5769712140175219
462 0.577023362536504
463 0.5771798080934502
464 0.5771798080934502
465 0.5771798080934502
466 0.5772319566124322
467 0.5772319566124322
468 0.5772319566124322
469 0.5772319566124322
470 0.5773884021693784
471 0.5774405506883604
472 0.5774405506883604
473 0.5775969962453066
474 0.577857738840217
475 0.577857738840217
476 0.577857738840217
477 0.5780663329161452
478 0.5780663329161452
479 0.5781184814351272
480 0.5782749269920734
481 0.5782749269920734
482 0.5782749269920734
483 0.5782749269920734
484 0.5782749269920734
485 0.5783270755110554
486 0.5783270755110554
487 0.5783792240300375
488 0.5783792240300375
489 0.5783792240300375
490 0.5788485607008761
491 0.5788485607008761
492 0.5788485607008761
493 0.5788485607008761
494 0.5788485607008761
495 0.5788485607008761
496 0.5789528577388402
497 0.5789528577388402
498 0.5789528577388402
499 0.5793178973717147
500 0.5794221944096788
501 0.5794221944096788
502 0.5794221944096788
503 0.5795264914476429
504 0.5795264914476429
505 0.5795264914476429
506 0.5797350855235711
507 0.5799436795994993
508 0.5799436795994993
509 0.5799436795994993
510 0.5799958281184814
511 0.5803087192323738
512 0.5803087192323738
513 0.5805694618272841
514 0.5806216103462661
515 0.5806216103462661
516 0.5806737588652482
517 0.5806737588652482
518 0.5806737588652482
519 0.5807259073842302
520 0.5807259073842302
521 0.5807780559032123
522 0.5808302044221945
523 0.5808302044221945
524 0.5808302044221945
525 0.5808302044221945
526 0.5808302044221945
527 0.5809866499791406
528 0.5809866499791406
529 0.5809866499791406
530 0.5811952440550688
531 0.5811952440550688
532 0.581299541093033
533 0.581299541093033
534 0.581299541093033
535 0.581299541093033
536 0.581299541093033
537 0.5814559866499791
538 0.5814559866499791
539 0.5815602836879432
540 0.5816124322069254
541 0.5818210262828536
542 0.5818210262828536
543 0.5820296203587818
544 0.5820296203587818
545 0.5820296203587818
546 0.582186065915728
547 0.582186065915728
548 0.5822903629536921
549 0.5823425114726741
550 0.5823425114726741
551 0.5823946599916562
552 0.5823946599916562
553 0.5823946599916562
554 0.5823946599916562
555 0.5823946599916562
556 0.5823946599916562
557 0.5823946599916562
558 0.5825511055486025
559 0.5825511055486025
560 0.5825511055486025
561 0.5825511055486025
562 0.5825511055486025
563 0.5826554025865666
564 0.5826554025865666
565 0.5826554025865666
566 0.5826554025865666
567 0.5826554025865666
568 0.5827075511055486
569 0.5827075511055486
570 0.5827075511055486
571 0.5827075511055486
572 0.5827075511055486
573 0.5828118481435127
574 0.5828118481435127
575 0.5829161451814768
576 0.5829161451814768
577 0.5829682937004589
578 0.5829682937004589
579 0.5829682937004589
580 0.5829682937004589
581 0.5829682937004589
582 0.5829682937004589
583 0.583072590738423
584 0.583072590738423
585 0.583072590738423
586 0.5831768877763871
587 0.5831768877763871
588 0.5831768877763871
589 0.5831768877763871
590 0.5831768877763871
591 0.5831768877763871
592 0.5831768877763871
593 0.5832290362953693
594 0.5833333333333334
595 0.5833333333333334
596 0.5833333333333334
597 0.5833333333333334
598 0.5833333333333334
599 0.5833333333333334
600 0.5833333333333334
601 0.5833854818523154
602 0.5835419274092616
603 0.5835940759282436
604 0.5835940759282436
605 0.5835940759282436
606 0.5835940759282436
607 0.5835940759282436
608 0.5837505214851898
609 0.5837505214851898
610 0.5837505214851898
611 0.5837505214851898
612 0.5838026700041719
613 0.5838026700041719
614 0.5838026700041719
615 0.5842198581560284
616 0.5842198581560284
617 0.5842198581560284
618 0.5842198581560284
619 0.5842198581560284
620 0.5842198581560284
621 0.5842198581560284
622 0.5842198581560284
623 0.5842198581560284
624 0.5843241551939925
625 0.5843241551939925
626 0.5843241551939925
627 0.5843241551939925
628 0.5843241551939925
629 0.5843241551939925
630 0.5843241551939925
631 0.5843241551939925
632 0.5844284522319566
633 0.5844284522319566
634 0.5844284522319566
635 0.5844284522319566
636 0.5844806007509387
637 0.5844806007509387
638 0.5844806007509387
639 0.5844806007509387
640 0.5845327492699207
641 0.5845327492699207
642 0.5845327492699207
643 0.5846370463078848
644 0.5846370463078848
645 0.5846370463078848
646 0.5846370463078848
647 0.5846370463078848
648 0.5846370463078848
649 0.5846370463078848
650 0.5846370463078848
651 0.5846370463078848
652 0.5846370463078848
653 0.5846370463078848
654 0.5846370463078848
655 0.5846370463078848
656 0.5847413433458489
657 0.5847413433458489
658 0.5848977889027952
659 0.5848977889027952
660 0.5848977889027952
661 0.5848977889027952
662 0.5848977889027952
663 0.5850020859407593
664 0.5850020859407593
665 0.5850020859407593
666 0.5850542344597414
667 0.5850542344597414
668 0.5850542344597414
669 0.5850542344597414
670 0.5850542344597414
671 0.5851063829787234
672 0.5851063829787234
673 0.5851063829787234
674 0.5851063829787234
675 0.5851063829787234
676 0.5851063829787234
677 0.5852106800166875
678 0.5852106800166875
679 0.5852106800166875
680 0.5852106800166875
681 0.5852106800166875
682 0.5852106800166875
683 0.5852106800166875
684 0.5852106800166875
685 0.5852628285356696
686 0.5852628285356696
687 0.5852628285356696
688 0.5852628285356696
689 0.5852628285356696
690 0.5853149770546516
691 0.5853149770546516
692 0.5853671255736337
693 0.5855757196495619
694 0.5855757196495619
695 0.5855757196495619
696 0.5855757196495619
697 0.5855757196495619
698 0.5855757196495619
699 0.5855757196495619
700 0.5855757196495619
701 0.5855757196495619
702 0.5857321652065082
703 0.5857321652065082
704 0.5857321652065082
705 0.5860450563204005
706 0.5860450563204005
707 0.5860450563204005
708 0.5860450563204005
709 0.5860450563204005
710 0.5860450563204005
711 0.5860450563204005
712 0.5861493533583646
713 0.5862536503963287
714 0.5862536503963287
715 0.5863579474342928
716 0.5863579474342928
717 0.5863579474342928
718 0.5865143929912391
719 0.5866186900292032
720 0.5866186900292032
721 0.5866186900292032
722 0.5867751355861494
723 0.5867751355861494
724 0.5867751355861494
725 0.5867751355861494
726 0.5867751355861494
727 0.5867751355861494
728 0.5867751355861494
729 0.5867751355861494
730 0.5868794326241135
731 0.5868794326241135
732 0.5869837296620776
733 0.5869837296620776
734 0.5869837296620776
735 0.5871401752190237
736 0.5871401752190237
737 0.5871401752190237
738 0.5871401752190237
739 0.587244472256988
740 0.587244472256988
741 0.587244472256988
742 0.587244472256988
743 0.587244472256988
744 0.58729662077597
745 0.58729662077597
746 0.5873487692949521
747 0.5873487692949521
748 0.5873487692949521
749 0.5874009178139341
750 0.5874009178139341
751 0.5874009178139341
752 0.5874530663329162
753 0.5874530663329162
754 0.5875052148518982
755 0.5875052148518982
756 0.5875052148518982
757 0.5875052148518982
758 0.5875052148518982
759 0.5875052148518982
760 0.5875052148518982
761 0.5875052148518982
762 0.5875052148518982
763 0.5875573633708803
764 0.5875573633708803
765 0.5875573633708803
766 0.5876095118898623
767 0.5876095118898623
768 0.5876095118898623
769 0.5877659574468085
770 0.5877659574468085
771 0.5877659574468085
772 0.5877659574468085
773 0.5878181059657905
774 0.5878181059657905
775 0.5878181059657905
776 0.5878702544847726
777 0.5880267000417189
778 0.5880267000417189
779 0.5880267000417189
780 0.5880267000417189
781 0.5880267000417189
782 0.588130997079683
783 0.588130997079683
784 0.588130997079683
785 0.588130997079683
786 0.588130997079683
787 0.588130997079683
788 0.588183145598665
789 0.588183145598665
790 0.588183145598665
791 0.588183145598665
792 0.588183145598665
793 0.588183145598665
794 0.588183145598665
795 0.5884960367125573
796 0.5884960367125573
797 0.5884960367125573
798 0.5884960367125573
799 0.5884960367125573
800 0.5884960367125573
801 0.5888610763454318
802 0.5888610763454318
803 0.5888610763454318
804 0.5888610763454318
805 0.5888610763454318
806 0.5888610763454318
807 0.5888610763454318
808 0.5888610763454318
809 0.5888610763454318
810 0.5888610763454318
811 0.5888610763454318
812 0.589017521902378
813 0.589017521902378
814 0.589017521902378
815 0.5891739674593242
816 0.5891739674593242
817 0.5892782644972883
818 0.5892782644972883
819 0.5892782644972883
820 0.5892782644972883
821 0.5892782644972883
822 0.5892782644972883
823 0.5894347100542344
824 0.5894347100542344
825 0.5894868585732165
826 0.5894868585732165
827 0.5894868585732165
828 0.5894868585732165
829 0.5896433041301627
830 0.5896433041301627
831 0.5896433041301627
832 0.5896433041301627
833 0.5896433041301627
834 0.5896433041301627
835 0.5896433041301627
836 0.5896433041301627
837 0.5896433041301627
838 0.5896433041301627
839 0.5896433041301627
840 0.5896433041301627
841 0.5896433041301627
842 0.5896433041301627
843 0.5896433041301627
844 0.5896433041301627
845 0.5896433041301627
846 0.5897476011681269
847 0.5897476011681269
848 0.5897476011681269
849 0.5897476011681269
850 0.5897476011681269
851 0.5900083437630371
852 0.5900083437630371
853 0.5900083437630371
854 0.5900083437630371
855 0.5900083437630371
856 0.5900083437630371
857 0.5900083437630371
858 0.5900083437630371
859 0.5900083437630371
860 0.5900083437630371
861 0.5900083437630371
862 0.5901126408010012
863 0.5901126408010012
864 0.5901126408010012
865 0.5901126408010012
866 0.5901126408010012
867 0.5901126408010012
868 0.5901126408010012
869 0.5901126408010012
870 0.5901647893199833
871 0.5901647893199833
872 0.5901647893199833
873 0.5901647893199833
874 0.5901647893199833
875 0.5902690863579474
876 0.5902690863579474
877 0.5902690863579474
878 0.5902690863579474
879 0.5902690863579474
880 0.5902690863579474
881 0.5903733833959116
882 0.5903733833959116
883 0.5903733833959116
884 0.5904776804338757
885 0.5904776804338757
886 0.5904776804338757
887 0.5904776804338757
888 0.5904776804338757
889 0.5904776804338757
890 0.5904776804338757
891 0.5904776804338757
892 0.5904776804338757
893 0.5904776804338757
894 0.5904776804338757
895 0.5904776804338757
896 0.5905298289528578
897 0.5905298289528578
898 0.5905298289528578
899 0.5905298289528578
900 0.5905298289528578
901 0.5905298289528578
902 0.5905298289528578
903 0.5905298289528578
904 0.5905298289528578
905 0.5905819774718398
906 0.5905819774718398
907 0.5905819774718398
908 0.5905819774718398
909 0.5906341259908219
910 0.5906341259908219
911 0.5906341259908219
912 0.5906341259908219
913 0.5906341259908219
914 0.5906341259908219
915 0.5906341259908219
916 0.5906341259908219
917 0.5906341259908219
918 0.5906341259908219
919 0.5906341259908219
920 0.5906341259908219
921 0.5906341259908219
922 0.5906341259908219
923 0.5906341259908219
924 0.5906341259908219
925 0.5906341259908219
926 0.5906341259908219
927 0.5906341259908219
928 0.5909991656236963
929 0.5909991656236963
930 0.5909991656236963
931 0.5909991656236963
932 0.5909991656236963
933 0.5909991656236963
934 0.5909991656236963
935 0.5909991656236963
936 0.5909991656236963
937 0.5909991656236963
938 0.5909991656236963
939 0.5909991656236963
940 0.5909991656236963
941 0.5909991656236963
942 0.5909991656236963
943 0.5909991656236963
944 0.5909991656236963
945 0.5909991656236963
946 0.5909991656236963
947 0.5912077596996246
948 0.5912077596996246
949 0.5912077596996246
950 0.5912077596996246
951 0.5912077596996246
952 0.5912599082186066
953 0.5912599082186066
954 0.5912599082186066
955 0.5912599082186066
956 0.5914685022945348
957 0.5914685022945348
958 0.5914685022945348
959 0.5914685022945348
960 0.5914685022945348
961 0.5914685022945348
962 0.5914685022945348
963 0.5914685022945348
964 0.591572799332499
965 0.591572799332499
966 0.591572799332499
967 0.591572799332499
968 0.591572799332499
969 0.591572799332499
970 0.591572799332499
971 0.591572799332499
972 0.591572799332499
973 0.591572799332499
974 0.591572799332499
975 0.591572799332499
976 0.5916770963704631
977 0.5916770963704631
978 0.5917292448894451
979 0.5917292448894451
980 0.5917292448894451
981 0.5917292448894451
982 0.5917292448894451
983 0.5917292448894451
984 0.5917292448894451
985 0.5917292448894451
986 0.5917292448894451
987 0.5918335419274092
988 0.5918335419274092
989 0.5918335419274092
990 0.5918856904463913
991 0.5918856904463913
992 0.5918856904463913
993 0.5918856904463913
994 0.5918856904463913
995 0.5918856904463913
996 0.5918856904463913
997 0.5918856904463913
998 0.5918856904463913
999 0.5918856904463913
