1 0.503493950771798
2 0.5039111389236546
3 0.5044847726324573
4 0.5048498122653317
5 0.5051105548602419
6 0.5057363370880267
7 0.5060492282019191
8 0.5062056737588653
9 0.5063621193158114
10 0.5065707133917396
11 0.5071443471005423
12 0.5073007926574885
13 0.5081351689612015
14 0.5083959115561119
15 0.5088652482269503
16 0.5092302878598248
17 0.5095431789737171
18 0.5097517730496454
19 0.5099082186065915
20 0.5101689612015019
21 0.5106382978723404
22 0.5110033375052149
23 0.5112119315811431
24 0.5113683771380892
25 0.5124634960367126
26 0.5127763871506049
27 0.5135586149353358
28 0.5136107634543179
29 0.5140279516061744
30 0.5146537338339591
31 0.5147058823529411
32 0.5156967042136004
33 0.5160617438464747
34 0.5163746349603672
35 0.5164789319983313
36 0.5165832290362954
37 0.5168439716312057
38 0.5168961201501877
39 0.5170525657071339
40 0.5175740508969545
41 0.5176783479349186
42 0.5177826449728827
43 0.5181998331247393
44 0.5187213183145599
45 0.5189299123904881
46 0.5193471005423446
47 0.5199207342511473
48 0.520546516478932
49 0.5210158531497705
50 0.521433041301627
51 0.521433041301627
52 0.5216937838965373
53 0.5220066750104297
54 0.5220588235294118
55 0.5225803087192323
56 0.5229453483521068
57 0.5234668335419274
58 0.5235189820609095
59 0.5237797246558198
60 0.5240926157697121
61 0.5244055068836045
62 0.5245619524405507
63 0.5247183979974969
64 0.5249269920734251
65 0.5249269920734251
66 0.5252920317062996
67 0.525761368377138
68 0.5258135168961201
69 0.5260221109720484
70 0.5261785565289946
71 0.5264914476428869
72 0.5271172298706717
73 0.5271693783896537
74 0.5282123487692949
75 0.5285773884021694
76 0.5289424280350438
77 0.5292553191489362
78 0.5292553191489362
79 0.5293596161869003
80 0.5295160617438465
81 0.529881101376721
82 0.529881101376721
83 0.5300375469336671
84 0.5305590321234877
85 0.5305590321234877
86 0.5306633291614519
87 0.5311848143512724
88 0.5313934084272006
89 0.5317584480600751
90 0.5320713391739674
91 0.5326449728827701
92 0.5330100125156445
93 0.533375052148519
94 0.533427200667501
95 0.5339486858573217
96 0.5339486858573217
97 0.5340529828952858
98 0.5343658740091781
99 0.5346266166040884
100 0.5349395077179808
101 0.5350438047559449
102 0.5353045473508552
103 0.5355652899457656
104 0.5358260325406758
105 0.5358260325406758
106 0.5361389236545682
107 0.5361389236545682
108 0.5366082603254068
109 0.5369211514392991
110 0.5369732999582811
111 0.5372340425531915
112 0.5378076762619941
113 0.5384334584897789
114 0.5386420525657072
115 0.5387984981226533
116 0.5387984981226533
117 0.5391113892365457
118 0.5391635377555277
119 0.5391635377555277
120 0.5393199833124739
121 0.5395807259073843
122 0.5398936170212766
123 0.5401022110972048
124 0.5401543596161869
125 0.5402065081351689
126 0.5403629536921152
127 0.5403629536921152
128 0.5406236962870254
129 0.5406236962870254
130 0.5407801418439716
131 0.5409365874009178
132 0.5411451814768461
133 0.5416666666666666
134 0.5416666666666666
135 0.5422924488944514
136 0.5428660826032541
137 0.5432311222361285
138 0.5432311222361285
139 0.5433875677930746
140 0.543700458906967
141 0.543700458906967
142 0.5443783896537339
143 0.5447434292866082
144 0.5447955778055903
145 0.5451084689194827
146 0.5451084689194827
147 0.5451084689194827
148 0.5451084689194827
149 0.5452649144764289
150 0.545421360033375
151 0.5455256570713392
152 0.5456299541093033
153 0.5456299541093033
154 0.5456299541093033
155 0.5456299541093033
156 0.5457342511472674
157 0.546203587818106
158 0.5466207759699625
159 0.5466207759699625
160 0.5467250730079266
161 0.547090112640801
162 0.547090112640801
163 0.5471944096787651
164 0.5474030037546934
165 0.5478723404255319
166 0.5482373800584064
167 0.5484459741343346
168 0.5487067167292449
169 0.5487588652482269
170 0.5487588652482269
171 0.5489674593241552
172 0.5491239048811014
173 0.5491239048811014
174 0.5491760534000835
175 0.5492803504380476
176 0.5495410930329578
177 0.5495932415519399
178 0.5495932415519399
179 0.549697538589904
180 0.549749687108886
181 0.5504797663746349
182 0.5505840634125991
183 0.5505840634125991
184 0.5506883604505632
185 0.5507405089695453
186 0.5509491030454735
187 0.5510012515644556
188 0.5510012515644556
189 0.5510012515644556
190 0.5514705882352942
191 0.5515227367542762
192 0.5517834793491865
193 0.5517834793491865
194 0.5520963704630788
195 0.5524092615769712
196 0.5525135586149353
197 0.5529828952857739
198 0.553087192323738
199 0.553087192323738
200 0.553087192323738
201 0.5535565289945765
202 0.5535565289945765
203 0.5535565289945765
204 0.5535565289945765
205 0.5538172715894869
206 0.553869420108469
207 0.553921568627451
208 0.5543387567793074
209 0.5543387567793074
210 0.5543387567793074
211 0.5543909052982895
212 0.5543909052982895
213 0.5544952023362536
214 0.5545473508552358
215 0.5545473508552358
216 0.554808093450146
217 0.5549123904881101
218 0.5549645390070922
219 0.5549645390070922
220 0.5551209845640384
221 0.5555381727158949
222 0.555590321234877
223 0.5559032123487693
224 0.5559032123487693
225 0.5562161034626617
226 0.5562682519816438
227 0.556476846057572
228 0.556528994576554
229 0.556528994576554
230 0.5568418856904463
231 0.5568418856904463
232 0.5570504797663747
233 0.5571026282853567
234 0.5572069253233208
235 0.5572069253233208
236 0.5573112223612849
237 0.5573112223612849
238 0.5573112223612849
239 0.5575719649561952
240 0.5578327075511056
241 0.5579891531080517
242 0.5579891531080517
243 0.5580413016270338
244 0.5580413016270338
245 0.5580413016270338
246 0.5583541927409261
247 0.5583541927409261
248 0.5584584897788902
249 0.5585627868168545
250 0.5585627868168545
251 0.5587192323738006
252 0.5588756779307468
253 0.5589278264497288
254 0.5591885690446391
255 0.5597100542344597
256 0.5597100542344597
257 0.5597100542344597
258 0.5597100542344597
259 0.5597100542344597
260 0.5598143512724238
261 0.55997079682937
262 0.55997079682937
263 0.55997079682937
264 0.5600229453483521
265 0.5600229453483521
266 0.5600750938673341
267 0.5600750938673341
268 0.5601793909052983
269 0.5601793909052983
270 0.5601793909052983
271 0.5603358364622445
272 0.5604922820191907
273 0.560805173133083
274 0.560805173133083
275 0.560805173133083
276 0.560857321652065
277 0.560857321652065
278 0.560857321652065
279 0.5609616186900293
280 0.5610137672090113
281 0.5610659157279934
282 0.5615352523988318
283 0.5615352523988318
284 0.5615352523988318
285 0.5615352523988318
286 0.5615352523988318
287 0.5617438464747602
288 0.5622131831455986
289 0.5622131831455986
290 0.5622131831455986
291 0.5622131831455986
292 0.5624217772215269
293 0.5625260742594911
294 0.5626825198164372
295 0.5626825198164372
296 0.5629432624113475
297 0.5629432624113475
298 0.5630475594493116
299 0.5630997079682937
300 0.563360450563204
301 0.5634125990821861
302 0.5634125990821861
303 0.5634647476011682
304 0.5634647476011682
305 0.5634647476011682
306 0.5635168961201502
307 0.5636211931581143
308 0.5638819357530246
309 0.5639862327909887
310 0.5639862327909887
311 0.564142678347935
312 0.564142678347935
313 0.564194826866917
314 0.564194826866917
315 0.5642991239048811
316 0.5642991239048811
317 0.5644034209428452
318 0.5644034209428452
319 0.5645598664997914
320 0.5645598664997914
321 0.5647163120567376
322 0.5647163120567376
323 0.5648206090947017
324 0.5648206090947017
325 0.5648206090947017
326 0.5649249061326659
327 0.5649770546516479
328 0.5651335002085941
329 0.5652377972465582
330 0.5655506883604505
331 0.5656028368794326
332 0.5656028368794326
333 0.5656028368794326
334 0.5659678765123071
335 0.5659678765123071
336 0.5659678765123071
337 0.5659678765123071
338 0.5660200250312891
339 0.5660200250312891
340 0.5661764705882353
341 0.5661764705882353
342 0.5661764705882353
343 0.5663329161451814
344 0.5663329161451814
345 0.5663329161451814
346 0.5663329161451814
347 0.5665936587400918
348 0.5665936587400918
349 0.5665936587400918
350 0.5671672924488944
351 0.5674280350438048
352 0.5675323320817689
353 0.5675323320817689
354 0.5675323320817689
355 0.567636629119733
356 0.5679495202336253
357 0.5679495202336253
358 0.5679495202336253
359 0.5683667083854819
360 0.5683667083854819
361 0.5683667083854819
362 0.5683667083854819
363 0.5683667083854819
364 0.568523153942428
365 0.568523153942428
366 0.568523153942428
367 0.5686274509803921
368 0.5686274509803921
369 0.5686274509803921
370 0.5688360450563203
371 0.5689403420942846
372 0.5689403420942846
373 0.5690967876512307
374 0.5692010846891948
375 0.5692010846891948
376 0.5692010846891948
377 0.5692010846891948
378 0.5692010846891948
379 0.5693053817271589
380 0.5696182728410513
381 0.5696182728410513
382 0.5697225698790155
383 0.5697225698790155
384 0.5697225698790155
385 0.5697225698790155
386 0.5697225698790155
387 0.5697747183979975
388 0.5697747183979975
389 0.5697747183979975
390 0.5698268669169796
391 0.5699311639549437
392 0.5699311639549437
393 0.5699311639549437
394 0.5699311639549437
395 0.5699311639549437
396 0.5699311639549437
397 0.5699311639549437
398 0.5699311639549437
399 0.5699311639549437
400 0.5699311639549437
401 0.5699311639549437
402 0.5701397580308719
403 0.5701397580308719
404 0.5701397580308719
405 0.5703483521068001
406 0.5704005006257822
407 0.5704526491447642
408 0.5704526491447642
409 0.5706612432206926
410 0.5706612432206926
411 0.5708176887776387
412 0.5708698372966208
413 0.5708698372966208
414 0.5709741343345849
415 0.5709741343345849
416 0.5709741343345849
417 0.5709741343345849
418 0.5712348769294952
419 0.5712348769294952
420 0.5712348769294952
421 0.5712348769294952
422 0.5713391739674594
423 0.5715477680433876
424 0.571964956195244
425 0.571964956195244
426 0.571964956195244
427 0.571964956195244
428 0.5720171047142261
429 0.5720171047142261
430 0.5721214017521903
431 0.5723821443471006
432 0.5726428869420108
433 0.5727471839799749
434 0.5727471839799749
435 0.5727471839799749
436 0.5727471839799749
437 0.572799332498957
438 0.5730600750938674
439 0.5730600750938674
440 0.5730600750938674
441 0.5732165206508135
442 0.5732165206508135
443 0.5732165206508135
444 0.5732165206508135
445 0.5732165206508135
446 0.5732165206508135
447 0.5732165206508135
448 0.5732165206508135
449 0.5732686691697956
450 0.5732686691697956
451 0.5733729662077597
452 0.5733729662077597
453 0.5733729662077597
454 0.5734772632457238
455 0.5734772632457238
456 0.57363370880267
457 0.57363370880267
458 0.5737380058406342
459 0.5737901543596162
460 0.5737901543596162
461 0.5738944513975803
462 0.5738944513975803
463 0.5738944513975803
464 0.5738944513975803
465 0.5741030454735085
466 0.5741030454735085
467 0.5741030454735085
468 0.5741030454735085
469 0.5741030454735085
470 0.5741551939924906
471 0.5741551939924906
472 0.5742594910304547
473 0.5742594910304547
474 0.5742594910304547
475 0.5742594910304547
476 0.5742594910304547
477 0.5742594910304547
478 0.5742594910304547
479 0.5742594910304547
480 0.5742594910304547
481 0.5742594910304547
482 0.5744159365874009
483 0.5745723821443471
484 0.5745723821443471
485 0.5746766791823112
486 0.5746766791823112
487 0.5746766791823112
488 0.5746766791823112
489 0.5746766791823112
490 0.5746766791823112
491 0.5746766791823112
492 0.5748331247392574
493 0.5749374217772215
494 0.5749374217772215
495 0.5749374217772215
496 0.5749374217772215
497 0.5751460158531497
498 0.575250312891114
499 0.575250312891114
500 0.575250312891114
501 0.575250312891114
502 0.575250312891114
503 0.575250312891114
504 0.575250312891114
505 0.575250312891114
506 0.575250312891114
507 0.575302461410096
508 0.575302461410096
509 0.5754589069670422
510 0.5754589069670422
511 0.5754589069670422
512 0.5754589069670422
513 0.5755632040050063
514 0.5755632040050063
515 0.5755632040050063
516 0.5757196495619524
517 0.5757196495619524
518 0.5757196495619524
519 0.5757196495619524
520 0.5757196495619524
521 0.5757196495619524
522 0.5758239465999165
523 0.5758239465999165
524 0.5758239465999165
525 0.5758239465999165
526 0.5758239465999165
527 0.5758760951188986
528 0.5758760951188986
529 0.576136837713809
530 0.576136837713809
531 0.5762411347517731
532 0.5762411347517731
533 0.5762411347517731
534 0.5762411347517731
535 0.5762411347517731
536 0.5762932832707551
537 0.5762932832707551
538 0.5763975803087192
539 0.5763975803087192
540 0.5763975803087192
541 0.5763975803087192
542 0.5763975803087192
543 0.5763975803087192
544 0.5763975803087192
545 0.5763975803087192
546 0.5763975803087192
547 0.5763975803087192
548 0.5763975803087192
549 0.5764497288277013
550 0.5766583229036295
551 0.5766583229036295
552 0.5766583229036295
553 0.5766583229036295
554 0.5767104714226116
555 0.5767104714226116
556 0.5768669169795578
557 0.5769190654985399
558 0.5769190654985399
559 0.577023362536504
560 0.577023362536504
561 0.5771276595744681
562 0.5772841051314143
563 0.5772841051314143
564 0.5772841051314143
565 0.5772841051314143
566 0.5772841051314143
567 0.5773362536503963
568 0.5773362536503963
569 0.5773884021693784
570 0.5773884021693784
571 0.5773884021693784
572 0.5775448477263245
573 0.5775448477263245
574 0.5775969962453066
575 0.5775969962453066
576 0.5775969962453066
577 0.5777534418022529
578 0.5777534418022529
579 0.577857738840217
580 0.577857738840217
581 0.577857738840217
582 0.577857738840217
583 0.577857738840217
584 0.5779620358781811
585 0.5779620358781811
586 0.5779620358781811
587 0.5779620358781811
588 0.5781184814351272
589 0.5781184814351272
590 0.5781184814351272
591 0.5781184814351272
592 0.5781706299541093
593 0.5781706299541093
594 0.5782227784730913
595 0.5782227784730913
596 0.5784313725490197
597 0.5785356695869838
598 0.5785356695869838
599 0.5785356695869838
600 0.5785356695869838
601 0.5785878181059658
602 0.5785878181059658
603 0.5785878181059658
604 0.5786399666249479
605 0.5786921151439299
606 0.5786921151439299
607 0.5786921151439299
608 0.5786921151439299
609 0.5786921151439299
610 0.5786921151439299
611 0.578796412181894
612 0.578796412181894
613 0.5790050062578223
614 0.5790050062578223
615 0.5790050062578223
616 0.5790571547768043
617 0.5790571547768043
618 0.5790571547768043
619 0.5791093032957864
620 0.5791093032957864
621 0.5791093032957864
622 0.5791093032957864
623 0.5791093032957864
624 0.5791093032957864
625 0.5791093032957864
626 0.5791093032957864
627 0.5791093032957864
628 0.5791093032957864
629 0.5793178973717147
630 0.5793178973717147
631 0.5793178973717147
632 0.5793178973717147
633 0.579578639966625
634 0.579578639966625
635 0.579630788485607
636 0.579630788485607
637 0.579630788485607
638 0.579630788485607
639 0.579630788485607
640 0.579630788485607
641 0.579630788485607
642 0.579630788485607
643 0.5797872340425532
644 0.5797872340425532
645 0.5797872340425532
646 0.5801001251564456
647 0.5801001251564456
648 0.5801001251564456
649 0.5801001251564456
650 0.5801001251564456
651 0.5801001251564456
652 0.5801001251564456
653 0.5801001251564456
654 0.5801001251564456
655 0.5801001251564456
656 0.5801001251564456
657 0.5801001251564456
658 0.5801001251564456
659 0.5801001251564456
660 0.5801001251564456
661 0.5801001251564456
662 0.5801001251564456
663 0.5801522736754277
664 0.5801522736754277
665 0.5802044221944097
666 0.5802044221944097
667 0.5802044221944097
668 0.5802044221944097
669 0.5802044221944097
670 0.5803608677513559
671 0.58046516478932
672 0.58046516478932
673 0.580517313308302
674 0.580517313308302
675 0.5806216103462661
676 0.5806216103462661
677 0.5806216103462661
678 0.5806216103462661
679 0.5807259073842302
680 0.5807259073842302
681 0.5807259073842302
682 0.5807259073842302
683 0.5807259073842302
684 0.5807259073842302
685 0.5807259073842302
686 0.5807259073842302
687 0.5807259073842302
688 0.5808823529411765
689 0.5808823529411765
690 0.5808823529411765
691 0.5808823529411765
692 0.5808823529411765
693 0.5808823529411765
694 0.5808823529411765
695 0.5808823529411765
696 0.5808823529411765
697 0.5808823529411765
698 0.5809866499791406
699 0.5809866499791406
700 0.5809866499791406
701 0.5809866499791406
702 0.5809866499791406
703 0.5809866499791406
704 0.5810909470171047
705 0.5811430955360868
706 0.5812473925740509
707 0.581299541093033
708 0.5814559866499791
709 0.5815602836879432
710 0.5815602836879432
711 0.5815602836879432
712 0.5815602836879432
713 0.5815602836879432
714 0.5815602836879432
715 0.5817167292448895
716 0.5817167292448895
717 0.5817167292448895
718 0.5817167292448895
719 0.5817167292448895
720 0.5817167292448895
721 0.5817167292448895
722 0.5817167292448895
723 0.5817167292448895
724 0.5819253233208177
725 0.5819253233208177
726 0.5820817688777639
727 0.582186065915728
728 0.582186065915728
729 0.582186065915728
730 0.582186065915728
731 0.58223821443471
732 0.58223821443471
733 0.5823425114726741
734 0.5823425114726741
735 0.5823946599916562
736 0.5823946599916562
737 0.5823946599916562
738 0.5823946599916562
739 0.5823946599916562
740 0.5823946599916562
741 0.5823946599916562
742 0.5823946599916562
743 0.5824989570296204
744 0.5824989570296204
745 0.5824989570296204
746 0.5824989570296204
747 0.5824989570296204
748 0.5824989570296204
749 0.5827075511055486
750 0.5827075511055486
751 0.5827075511055486
752 0.583072590738423
753 0.583072590738423
754 0.583072590738423
755 0.583072590738423
756 0.583072590738423
757 0.583072590738423
758 0.583072590738423
759 0.583124739257405
760 0.583124739257405
761 0.583124739257405
762 0.583124739257405
763 0.583124739257405
764 0.583124739257405
765 0.583124739257405
766 0.583124739257405
767 0.583124739257405
768 0.583124739257405
769 0.583124739257405
770 0.583124739257405
771 0.583124739257405
772 0.583124739257405
773 0.583124739257405
774 0.5831768877763871
775 0.5833333333333334
776 0.5833333333333334
777 0.5833333333333334
778 0.5833333333333334
779 0.5833333333333334
780 0.5833333333333334
781 0.5834897788902795
782 0.5834897788902795
783 0.5834897788902795
784 0.5834897788902795
785 0.5835419274092616
786 0.5835419274092616
787 0.5835419274092616
788 0.5835419274092616
789 0.5835419274092616
790 0.5835419274092616
791 0.5835419274092616
792 0.5835419274092616
793 0.5835419274092616
794 0.5835419274092616
795 0.5835419274092616
796 0.5835419274092616
797 0.5835419274092616
798 0.5835419274092616
799 0.5836462244472257
800 0.5836462244472257
801 0.5836462244472257
802 0.5836462244472257
803 0.5836462244472257
804 0.5836462244472257
805 0.5836462244472257
806 0.5836462244472257
807 0.5836462244472257
808 0.5836462244472257
809 0.5836462244472257
810 0.5836462244472257
811 0.5836462244472257
812 0.5838026700041719
813 0.5838026700041719
814 0.583906967042136
815 0.583959115561118
816 0.583959115561118
817 0.583959115561118
818 0.5840634125990822
819 0.5840634125990822
820 0.5840634125990822
821 0.5840634125990822
822 0.5840634125990822
823 0.5840634125990822
824 0.5841677096370463
825 0.5841677096370463
826 0.5841677096370463
827 0.5841677096370463
828 0.5841677096370463
829 0.5841677096370463
830 0.5841677096370463
831 0.5841677096370463
832 0.5841677096370463
833 0.5841677096370463
834 0.5843763037129746
835 0.5843763037129746
836 0.5843763037129746
837 0.5843763037129746
838 0.5843763037129746
839 0.5844806007509387
840 0.5844806007509387
841 0.5844806007509387
842 0.5844806007509387
843 0.5845327492699207
844 0.5845848977889028
845 0.5845848977889028
846 0.5845848977889028
847 0.5846370463078848
848 0.5846370463078848
849 0.5846370463078848
850 0.5846370463078848
851 0.5846370463078848
852 0.5846370463078848
853 0.5846891948268669
854 0.5846891948268669
855 0.5847413433458489
856 0.5847413433458489
857 0.5847413433458489
858 0.5847413433458489
859 0.5847413433458489
860 0.5847413433458489
861 0.5847413433458489
862 0.5847413433458489
863 0.5848456403838131
864 0.5848456403838131
865 0.5848456403838131
866 0.5848456403838131
867 0.5848456403838131
868 0.5848456403838131
869 0.5848456403838131
870 0.5848456403838131
871 0.5848456403838131
872 0.5848456403838131
873 0.5848456403838131
874 0.5848456403838131
875 0.5848977889027952
876 0.5848977889027952
877 0.5848977889027952
878 0.5848977889027952
879 0.5848977889027952
880 0.5848977889027952
881 0.5850542344597414
882 0.5850542344597414
883 0.5850542344597414
884 0.5850542344597414
885 0.5850542344597414
886 0.5850542344597414
887 0.5850542344597414
888 0.5850542344597414
889 0.5850542344597414
890 0.5850542344597414
891 0.5850542344597414
892 0.5850542344597414
893 0.5851063829787234
894 0.5851063829787234
895 0.5851063829787234
896 0.5851063829787234
897 0.5851585314977055
898 0.5851585314977055
899 0.5851585314977055
900 0.5851585314977055
901 0.5851585314977055
902 0.5851585314977055
903 0.5851585314977055
904 0.5851585314977055
905 0.5851585314977055
906 0.5851585314977055
907 0.5852106800166875
908 0.5852106800166875
909 0.5852106800166875
910 0.5852106800166875
911 0.5852106800166875
912 0.5852106800166875
913 0.5852106800166875
914 0.5852106800166875
915 0.5852106800166875
916 0.5852106800166875
917 0.5852106800166875
918 0.5852106800166875
919 0.5852106800166875
920 0.5852106800166875
921 0.5852106800166875
922 0.5852628285356696
923 0.5852628285356696
924 0.5852628285356696
925 0.5852628285356696
926 0.5852628285356696
927 0.5853149770546516
928 0.5853149770546516
929 0.5853149770546516
930 0.5853149770546516
931 0.5853149770546516
932 0.5853149770546516
933 0.5853149770546516
934 0.5853149770546516
935 0.5853149770546516
936 0.5853149770546516
937 0.5853149770546516
938 0.5853149770546516
939 0.5853149770546516
940 0.5853149770546516
941 0.5853149770546516
942 0.5853149770546516
943 0.5853671255736337
944 0.5853671255736337
945 0.5855235711305798
946 0.5855757196495619
947 0.5856278681685441
948 0.5856278681685441
949 0.5856278681685441
950 0.5858886107634543
951 0.5858886107634543
952 0.5858886107634543
953 0.5858886107634543
954 0.5858886107634543
955 0.5858886107634543
956 0.5858886107634543
957 0.5859407592824364
958 0.5859407592824364
959 0.5859407592824364
960 0.5859407592824364
961 0.5859407592824364
962 0.5859407592824364
963 0.5859407592824364
964 0.5859407592824364
965 0.5859407592824364
966 0.5859407592824364
967 0.5859407592824364
968 0.5859407592824364
969 0.5860450563204005
970 0.5860450563204005
971 0.5860450563204005
972 0.5860450563204005
973 0.5860450563204005
974 0.5860450563204005
975 0.5860450563204005
976 0.5860450563204005
977 0.5860972048393825
978 0.5860972048393825
979 0.5860972048393825
980 0.5860972048393825
981 0.5860972048393825
982 0.5860972048393825
983 0.5860972048393825
984 0.5860972048393825
985 0.5860972048393825
986 0.5860972048393825
987 0.5860972048393825
988 0.5860972048393825
989 0.5860972048393825
990 0.5860972048393825
991 0.5860972048393825
992 0.5860972048393825
993 0.5860972048393825
994 0.5860972048393825
995 0.5860972048393825
996 0.5860972048393825
997 0.5860972048393825
998 0.5860972048393825
999 0.5860972048393825
