1 0.5042240300375469
2 0.5047455152273675
3 0.5047455152273675
4 0.5047455152273675
5 0.5049019607843137
6 0.5050062578222778
7 0.5054755944931164
8 0.5058406341259908
9 0.5064664163537755
10 0.5070400500625782
11 0.5070400500625782
12 0.5074572382144347
13 0.5077701293283271
14 0.5082394659991656
15 0.508500208594076
16 0.5094910304547351
17 0.5099603671255737
18 0.5105861493533583
19 0.5108468919482687
20 0.5112119315811431
21 0.5113162286191072
22 0.5115248226950354
23 0.5118377138089278
24 0.5124113475177305
25 0.5126720901126408
26 0.5131935753024615
27 0.5132457238214435
28 0.5140279516061744
29 0.514601585314977
30 0.514601585314977
31 0.5146537338339591
32 0.5149144764288694
33 0.5151230705047977
34 0.5152795160617438
35 0.5158010012515645
36 0.5163224864413851
37 0.5166353775552774
38 0.5171047142261159
39 0.5174697538589904
40 0.5180955360867752
41 0.5183041301627034
42 0.5189820609094702
43 0.5192428035043805
44 0.5192428035043805
45 0.519659991656237
46 0.519712140175219
47 0.5201814768460575
48 0.5203900709219859
49 0.52049436795995
50 0.5211201501877347
51 0.5212765957446809
52 0.5217459324155194
53 0.5217459324155194
54 0.5220588235294118
55 0.5221631205673759
56 0.5224238631622862
57 0.5225803087192323
58 0.5232060909470171
59 0.5234668335419274
60 0.5234668335419274
61 0.5238840216937839
62 0.5238840216937839
63 0.5240926157697121
64 0.5246141009595328
65 0.5246141009595328
66 0.524822695035461
67 0.5250834376303714
68 0.5252920317062996
69 0.5255006257822278
70 0.5258656654151022
71 0.5260221109720484
72 0.5262307050479766
73 0.5262828535669587
74 0.5264392991239049
75 0.5267000417188152
76 0.5271172298706717
77 0.5271172298706717
78 0.5280559032123487
79 0.5281080517313308
80 0.5285252398831873
81 0.5287338339591156
82 0.5287859824780976
83 0.5291510221109721
84 0.5292031706299541
85 0.5294639132248644
86 0.529881101376721
87 0.529881101376721
88 0.5301939924906133
89 0.5305590321234877
90 0.5305590321234877
91 0.530819774718398
92 0.5308719232373801
93 0.5311848143512724
94 0.5313412599082186
95 0.5314455569461827
96 0.5319670421360033
97 0.5319670421360033
98 0.5322277847309136
99 0.532488527325824
100 0.5325928243637881
101 0.5326971214017522
102 0.5328014184397163
103 0.533427200667501
104 0.5337922403003754
105 0.5339486858573217
106 0.5344701710471422
107 0.5344701710471422
108 0.5347309136420526
109 0.5349916562369629
110 0.5352002503128911
111 0.5358781810596579
112 0.5360346266166041
113 0.5362953692115144
114 0.5365039632874427
115 0.5367125573633709
116 0.5367647058823529
117 0.5369732999582811
118 0.5374426366291197
119 0.5376512307050479
120 0.5376512307050479
121 0.5381205673758865
122 0.5381205673758865
123 0.5382770129328327
124 0.5386942010846892
125 0.5390070921985816
126 0.5390070921985816
127 0.5393199833124739
128 0.5394242803504381
129 0.5395285773884022
130 0.5395807259073843
131 0.5402586566541511
132 0.5405193992490613
133 0.5408844388819357
134 0.541093032957864
135 0.5416145181476846
136 0.5419795577805591
137 0.5419795577805591
138 0.5421360033375052
139 0.5424488944513975
140 0.5424488944513975
141 0.542813934084272
142 0.5429703796412182
143 0.5430746766791823
144 0.5430746766791823
145 0.5431789737171464
146 0.5432832707551105
147 0.5432832707551105
148 0.5434397163120568
149 0.543700458906967
150 0.5439612015018773
151 0.5444305381727159
152 0.5450563204005007
153 0.5451606174384648
154 0.5451606174384648
155 0.5451606174384648
156 0.5455256570713392
157 0.5458906967042136
158 0.5458906967042136
159 0.5459949937421777
160 0.546255736337088
161 0.5463600333750521
162 0.547142261159783
163 0.5472987067167292
164 0.547924488944514
165 0.547924488944514
166 0.5481852315394243
167 0.5481852315394243
168 0.5485502711722987
169 0.5485502711722987
170 0.5487588652482269
171 0.548811013767209
172 0.5493324989570296
173 0.5493324989570296
174 0.5494889445139758
175 0.5498539841468503
176 0.5499582811848144
177 0.5499582811848144
178 0.5501668752607426
179 0.5501668752607426
180 0.5502711722987067
181 0.5503233208176888
182 0.5506883604505632
183 0.5511055486024197
184 0.5511055486024197
185 0.5512619941593658
186 0.5514705882352942
187 0.5514705882352942
188 0.5514705882352942
189 0.5517834793491865
190 0.5517834793491865
191 0.5520442219440967
192 0.5523049645390071
193 0.5524614100959533
194 0.5528785982478097
195 0.553035043804756
196 0.553087192323738
197 0.553087192323738
198 0.5531914893617021
199 0.5532957863996663
200 0.5532957863996663
201 0.5532957863996663
202 0.5537651230705048
203 0.5541823112223613
204 0.5541823112223613
205 0.5543909052982895
206 0.5543909052982895
207 0.5545994993742178
208 0.5545994993742178
209 0.5545994993742178
210 0.554808093450146
211 0.554808093450146
212 0.554808093450146
213 0.5549123904881101
214 0.5550688360450563
215 0.5550688360450563
216 0.5552252816020025
217 0.5553295786399666
218 0.5553817271589487
219 0.5553817271589487
220 0.5553817271589487
221 0.5553817271589487
222 0.5553817271589487
223 0.5556946182728411
224 0.5560596579057154
225 0.5561639549436797
226 0.5562161034626617
227 0.5562161034626617
228 0.5562682519816438
229 0.5562682519816438
230 0.5563725490196079
231 0.5563725490196079
232 0.5563725490196079
233 0.556476846057572
234 0.5567375886524822
235 0.5567897371714643
236 0.5568940342094284
237 0.5570504797663747
238 0.5571547768043388
239 0.5571547768043388
240 0.5572069253233208
241 0.5572069253233208
242 0.5578327075511056
243 0.5579370045890697
244 0.5579370045890697
245 0.5580934501460159
246 0.5580934501460159
247 0.5580934501460159
248 0.5580934501460159
249 0.558249895702962
250 0.5583541927409261
251 0.5585106382978723
252 0.5585106382978723
253 0.5585106382978723
254 0.5585106382978723
255 0.5586149353358365
256 0.5589278264497288
257 0.5589278264497288
258 0.5589278264497288
259 0.5591885690446391
260 0.5593971631205674
261 0.5595014601585315
262 0.5597622027534418
263 0.5601793909052983
264 0.5601793909052983
265 0.5601793909052983
266 0.5603879849812266
267 0.5603879849812266
268 0.5603879849812266
269 0.5603879849812266
270 0.5606487275761368
271 0.5606487275761368
272 0.5609094701710472
273 0.5610137672090113
274 0.5610137672090113
275 0.5610137672090113
276 0.5611180642469754
277 0.5611180642469754
278 0.561691697955778
279 0.561691697955778
280 0.561691697955778
281 0.561691697955778
282 0.5617438464747602
283 0.5619524405506884
284 0.5619524405506884
285 0.5620567375886525
286 0.5620567375886525
287 0.5620567375886525
288 0.5621088861076345
289 0.5625260742594911
290 0.5625260742594911
291 0.5625260742594911
292 0.5625260742594911
293 0.5626303712974552
294 0.5626825198164372
295 0.5628389653733834
296 0.5629432624113475
297 0.5629432624113475
298 0.5630997079682937
299 0.5632561535252398
300 0.563308302044222
301 0.563360450563204
302 0.563360450563204
303 0.5634125990821861
304 0.5634125990821861
305 0.5634125990821861
306 0.5635690446391323
307 0.5637776387150605
308 0.5637776387150605
309 0.5637776387150605
310 0.5637776387150605
311 0.5638819357530246
312 0.5638819357530246
313 0.5640383813099707
314 0.5640383813099707
315 0.5640383813099707
316 0.5644034209428452
317 0.5644034209428452
318 0.5645077179808093
319 0.5645598664997914
320 0.5646641635377555
321 0.5649249061326659
322 0.5652899457655403
323 0.5654985398414685
324 0.5654985398414685
325 0.5654985398414685
326 0.5654985398414685
327 0.5654985398414685
328 0.5654985398414685
329 0.5654985398414685
330 0.5657071339173968
331 0.5657071339173968
332 0.5658114309553609
333 0.5660200250312891
334 0.5660200250312891
335 0.5660200250312891
336 0.5661243220692532
337 0.5664893617021277
338 0.5666458072590739
339 0.5666458072590739
340 0.5666458072590739
341 0.5666458072590739
342 0.5666458072590739
343 0.5669586983729662
344 0.5670629954109303
345 0.5671672924488944
346 0.5671672924488944
347 0.5671672924488944
348 0.5671672924488944
349 0.5672194409678765
350 0.5672194409678765
351 0.5672715894868585
352 0.5672715894868585
353 0.5673237380058407
354 0.5673237380058407
355 0.5674801835627868
356 0.5675323320817689
357 0.5676887776387151
358 0.5676887776387151
359 0.5676887776387151
360 0.5676887776387151
361 0.5676887776387151
362 0.5677930746766792
363 0.5677930746766792
364 0.5677930746766792
365 0.5680538172715894
366 0.5680538172715894
367 0.5682102628285357
368 0.5683667083854819
369 0.5688881935753025
370 0.5688881935753025
371 0.5688881935753025
372 0.5688881935753025
373 0.5688881935753025
374 0.5688881935753025
375 0.5688881935753025
376 0.5688881935753025
377 0.5690446391322487
378 0.5692010846891948
379 0.5697225698790155
380 0.5698268669169796
381 0.5699833124739258
382 0.5699833124739258
383 0.5699833124739258
384 0.5700876095118899
385 0.5704005006257822
386 0.5704005006257822
387 0.5704005006257822
388 0.5704005006257822
389 0.5704005006257822
390 0.5704526491447642
391 0.5704526491447642
392 0.5704526491447642
393 0.5705047976637464
394 0.5705047976637464
395 0.5705047976637464
396 0.5706090947017105
397 0.5709741343345849
398 0.5709741343345849
399 0.5710262828535669
400 0.5710262828535669
401 0.571078431372549
402 0.571078431372549
403 0.5712348769294952
404 0.5714956195244055
405 0.5714956195244055
406 0.5715999165623696
407 0.5715999165623696
408 0.5715999165623696
409 0.5715999165623696
410 0.5715999165623696
411 0.5717042136003337
412 0.5717042136003337
413 0.571912807676262
414 0.5722256987901544
415 0.5723299958281185
416 0.5723821443471006
417 0.5725385899040467
418 0.5727471839799749
419 0.5727471839799749
420 0.5727471839799749
421 0.5727471839799749
422 0.5729557780559033
423 0.5730600750938674
424 0.5730600750938674
425 0.5732686691697956
426 0.5732686691697956
427 0.5733729662077597
428 0.5733729662077597
429 0.5733729662077597
430 0.5733729662077597
431 0.5733729662077597
432 0.5733729662077597
433 0.5733729662077597
434 0.5733729662077597
435 0.5733729662077597
436 0.5734251147267417
437 0.5736858573216521
438 0.5736858573216521
439 0.5736858573216521
440 0.5739465999165624
441 0.5739465999165624
442 0.5739465999165624
443 0.5739465999165624
444 0.5741551939924906
445 0.5741551939924906
446 0.5741551939924906
447 0.5743637880684188
448 0.5743637880684188
449 0.5743637880684188
450 0.5743637880684188
451 0.5743637880684188
452 0.5745723821443471
453 0.5745723821443471
454 0.5745723821443471
455 0.5745723821443471
456 0.5745723821443471
457 0.5745723821443471
458 0.5746766791823112
459 0.5746766791823112
460 0.5747809762202754
461 0.5748331247392574
462 0.5748331247392574
463 0.5748331247392574
464 0.5748331247392574
465 0.5748331247392574
466 0.5748331247392574
467 0.5748331247392574
468 0.5748331247392574
469 0.5749895702962036
470 0.5749895702962036
471 0.5749895702962036
472 0.5749895702962036
473 0.5749895702962036
474 0.5750417188151856
475 0.5750417188151856
476 0.5750417188151856
477 0.5750417188151856
478 0.5750417188151856
479 0.5750417188151856
480 0.5754589069670422
481 0.5754589069670422
482 0.5754589069670422
483 0.5754589069670422
484 0.5754589069670422
485 0.5754589069670422
486 0.5754589069670422
487 0.5754589069670422
488 0.5754589069670422
489 0.5755632040050063
490 0.5755632040050063
491 0.5755632040050063
492 0.5755632040050063
493 0.5756675010429704
494 0.5756675010429704
495 0.5759803921568627
496 0.5759803921568627
497 0.576136837713809
498 0.576136837713809
499 0.576136837713809
500 0.576136837713809
501 0.576136837713809
502 0.576136837713809
503 0.5763454317897372
504 0.5763454317897372
505 0.5763454317897372
506 0.5763975803087192
507 0.5763975803087192
508 0.5763975803087192
509 0.5766061743846475
510 0.5766061743846475
511 0.5766061743846475
512 0.5766061743846475
513 0.5766061743846475
514 0.5766061743846475
515 0.5766061743846475
516 0.5766061743846475
517 0.5766061743846475
518 0.5766061743846475
519 0.5766061743846475
520 0.5767104714226116
521 0.5767104714226116
522 0.5767104714226116
523 0.5767104714226116
524 0.5767626199415936
525 0.5767626199415936
526 0.5767626199415936
527 0.5769190654985399
528 0.5769190654985399
529 0.5769190654985399
530 0.5769190654985399
531 0.5769190654985399
532 0.577075511055486
533 0.577075511055486
534 0.577075511055486
535 0.577075511055486
536 0.577075511055486
537 0.577075511055486
538 0.5771276595744681
539 0.5772319566124322
540 0.5772319566124322
541 0.5772319566124322
542 0.5772319566124322
543 0.5772841051314143
544 0.5772841051314143
545 0.5772841051314143
546 0.5772841051314143
547 0.5772841051314143
548 0.5772841051314143
549 0.5772841051314143
550 0.5773884021693784
551 0.5777012932832708
552 0.5779620358781811
553 0.5781184814351272
554 0.5781184814351272
555 0.5781184814351272
556 0.5781184814351272
557 0.5782227784730913
558 0.5782227784730913
559 0.5782227784730913
560 0.5782227784730913
561 0.5782227784730913
562 0.5782227784730913
563 0.5782227784730913
564 0.5782227784730913
565 0.5784835210680017
566 0.5784835210680017
567 0.578796412181894
568 0.578796412181894
569 0.5789007092198581
570 0.5789007092198581
571 0.5789528577388402
572 0.5789528577388402
573 0.5790050062578223
574 0.5790050062578223
575 0.5790050062578223
576 0.5791093032957864
577 0.5791093032957864
578 0.5792136003337505
579 0.5792136003337505
580 0.5792136003337505
581 0.5792136003337505
582 0.5792136003337505
583 0.5792136003337505
584 0.5793700458906967
585 0.5794221944096788
586 0.5794221944096788
587 0.5794221944096788
588 0.5796829370045891
589 0.5796829370045891
590 0.5796829370045891
591 0.5796829370045891
592 0.5796829370045891
593 0.5797350855235711
594 0.5797350855235711
595 0.5797350855235711
596 0.5798915310805173
597 0.5799958281184814
598 0.5799958281184814
599 0.5799958281184814
600 0.5799958281184814
601 0.5799958281184814
602 0.5799958281184814
603 0.5799958281184814
604 0.5799958281184814
605 0.5801001251564456
606 0.5802044221944097
607 0.5802044221944097
608 0.5803608677513559
609 0.5803608677513559
610 0.5804130162703379
611 0.58046516478932
612 0.58046516478932
613 0.58046516478932
614 0.58046516478932
615 0.58046516478932
616 0.58046516478932
617 0.58046516478932
618 0.58046516478932
619 0.5806216103462661
620 0.5806216103462661
621 0.5806216103462661
622 0.5806216103462661
623 0.5806216103462661
624 0.5806216103462661
625 0.5807780559032123
626 0.5810387984981227
627 0.5810387984981227
628 0.5810387984981227
629 0.5810387984981227
630 0.5810387984981227
631 0.5810387984981227
632 0.5810387984981227
633 0.5810387984981227
634 0.5810387984981227
635 0.5810387984981227
636 0.5810387984981227
637 0.5810387984981227
638 0.5811430955360868
639 0.5811430955360868
640 0.5811430955360868
641 0.5811430955360868
642 0.5811430955360868
643 0.5811952440550688
644 0.5811952440550688
645 0.5811952440550688
646 0.581299541093033
647 0.581299541093033
648 0.581299541093033
649 0.581299541093033
650 0.581351689612015
651 0.581351689612015
652 0.5815081351689612
653 0.5815081351689612
654 0.5815081351689612
655 0.5815081351689612
656 0.5815081351689612
657 0.5815602836879432
658 0.5815602836879432
659 0.5815602836879432
660 0.5816645807259074
661 0.5817167292448895
662 0.5817167292448895
663 0.5817167292448895
664 0.5817167292448895
665 0.5818210262828536
666 0.5818731748018356
667 0.5818731748018356
668 0.5818731748018356
669 0.5818731748018356
670 0.5819253233208177
671 0.5819253233208177
672 0.5820817688777639
673 0.5820817688777639
674 0.5820817688777639
675 0.5820817688777639
676 0.5821339173967459
677 0.5821339173967459
678 0.5821339173967459
679 0.5821339173967459
680 0.58223821443471
681 0.58223821443471
682 0.5822903629536921
683 0.5822903629536921
684 0.5822903629536921
685 0.5822903629536921
686 0.5822903629536921
687 0.5822903629536921
688 0.5822903629536921
689 0.5823946599916562
690 0.5823946599916562
691 0.5824989570296204
692 0.5824989570296204
693 0.5824989570296204
694 0.5824989570296204
695 0.5824989570296204
696 0.5824989570296204
697 0.5824989570296204
698 0.5824989570296204
699 0.5824989570296204
700 0.5824989570296204
701 0.5824989570296204
702 0.5824989570296204
703 0.5825511055486025
704 0.5825511055486025
705 0.5826032540675845
706 0.5827075511055486
707 0.5827075511055486
708 0.5827075511055486
709 0.5828639966624948
710 0.583072590738423
711 0.583072590738423
712 0.583072590738423
713 0.583072590738423
714 0.583124739257405
715 0.583124739257405
716 0.5831768877763871
717 0.5831768877763871
718 0.5831768877763871
719 0.5831768877763871
720 0.5831768877763871
721 0.5831768877763871
722 0.5831768877763871
723 0.5832290362953693
724 0.5832290362953693
725 0.5832811848143513
726 0.5832811848143513
727 0.5833333333333334
728 0.5833333333333334
729 0.5833333333333334
730 0.5833333333333334
731 0.5835419274092616
732 0.5835419274092616
733 0.5835419274092616
734 0.5835419274092616
735 0.5835419274092616
736 0.5835419274092616
737 0.5835419274092616
738 0.5835419274092616
739 0.5835419274092616
740 0.5836462244472257
741 0.5836462244472257
742 0.5836462244472257
743 0.5836462244472257
744 0.5836462244472257
745 0.5836462244472257
746 0.5837505214851898
747 0.5837505214851898
748 0.5837505214851898
749 0.5837505214851898
750 0.5837505214851898
751 0.5837505214851898
752 0.5837505214851898
753 0.5837505214851898
754 0.5837505214851898
755 0.5837505214851898
756 0.5837505214851898
757 0.5838026700041719
758 0.5838026700041719
759 0.5838026700041719
760 0.5838026700041719
761 0.5838548185231539
762 0.5838548185231539
763 0.5838548185231539
764 0.5838548185231539
765 0.5838548185231539
766 0.5838548185231539
767 0.5838548185231539
768 0.5838548185231539
769 0.5838548185231539
770 0.5838548185231539
771 0.5838548185231539
772 0.5838548185231539
773 0.5838548185231539
774 0.5838548185231539
775 0.5838548185231539
776 0.5838548185231539
777 0.5838548185231539
778 0.5838548185231539
779 0.583906967042136
780 0.583959115561118
781 0.583959115561118
782 0.583959115561118
783 0.583959115561118
784 0.583959115561118
785 0.583959115561118
786 0.583959115561118
787 0.5843241551939925
788 0.5843241551939925
789 0.5843241551939925
790 0.5843241551939925
791 0.5843241551939925
792 0.5843241551939925
793 0.5843241551939925
794 0.5843241551939925
795 0.5843241551939925
796 0.5843241551939925
797 0.5843763037129746
798 0.5843763037129746
799 0.5843763037129746
800 0.5843763037129746
801 0.5843763037129746
802 0.5843763037129746
803 0.5843763037129746
804 0.5843763037129746
805 0.5843763037129746
806 0.5843763037129746
807 0.5843763037129746
808 0.5844284522319566
809 0.5844284522319566
810 0.5844284522319566
811 0.5844284522319566
812 0.5844284522319566
813 0.5844284522319566
814 0.5844806007509387
815 0.5844806007509387
816 0.5844806007509387
817 0.5844806007509387
818 0.5844806007509387
819 0.5845848977889028
820 0.5845848977889028
821 0.5845848977889028
822 0.5845848977889028
823 0.5845848977889028
824 0.5845848977889028
825 0.5846891948268669
826 0.5846891948268669
827 0.5846891948268669
828 0.5846891948268669
829 0.5846891948268669
830 0.5846891948268669
831 0.5846891948268669
832 0.5846891948268669
833 0.5846891948268669
834 0.5847413433458489
835 0.5847934918648311
836 0.5848456403838131
837 0.5848977889027952
838 0.5849499374217773
839 0.5850542344597414
840 0.5850542344597414
841 0.5850542344597414
842 0.5850542344597414
843 0.5850542344597414
844 0.5850542344597414
845 0.5850542344597414
846 0.5850542344597414
847 0.5850542344597414
848 0.5851585314977055
849 0.5851585314977055
850 0.5851585314977055
851 0.5851585314977055
852 0.5852106800166875
853 0.5852106800166875
854 0.5852106800166875
855 0.5852106800166875
856 0.5852106800166875
857 0.5852106800166875
858 0.5852106800166875
859 0.5852106800166875
860 0.5852106800166875
861 0.5852106800166875
862 0.5852628285356696
863 0.5852628285356696
864 0.5852628285356696
865 0.5852628285356696
866 0.5852628285356696
867 0.5852628285356696
868 0.5853671255736337
869 0.5853671255736337
870 0.5853671255736337
871 0.5854192740926157
872 0.5854192740926157
873 0.5854192740926157
874 0.5854192740926157
875 0.5854192740926157
876 0.5854192740926157
877 0.5854192740926157
878 0.5856278681685441
879 0.5857843137254902
880 0.5857843137254902
881 0.5857843137254902
882 0.5857843137254902
883 0.5857843137254902
884 0.5857843137254902
885 0.5858364622444723
886 0.5858886107634543
887 0.5858886107634543
888 0.5858886107634543
889 0.5858886107634543
890 0.5859407592824364
891 0.5860972048393825
892 0.5860972048393825
893 0.5860972048393825
894 0.5860972048393825
895 0.5860972048393825
896 0.5861493533583646
897 0.5861493533583646
898 0.5861493533583646
899 0.5861493533583646
900 0.5861493533583646
901 0.5861493533583646
902 0.5861493533583646
903 0.5861493533583646
904 0.5861493533583646
905 0.5863057989153108
906 0.5863579474342928
907 0.5863579474342928
908 0.586462244472257
909 0.586462244472257
910 0.586462244472257
911 0.586462244472257
912 0.586462244472257
913 0.586462244472257
914 0.5866186900292032
915 0.5866186900292032
916 0.5866186900292032
917 0.5866186900292032
918 0.5866186900292032
919 0.5866186900292032
920 0.5866186900292032
921 0.5867229870671673
922 0.5867229870671673
923 0.5867229870671673
924 0.5868272841051314
925 0.5868272841051314
926 0.5868272841051314
927 0.5868272841051314
928 0.5868272841051314
929 0.5868272841051314
930 0.5868272841051314
931 0.5868272841051314
932 0.5868272841051314
933 0.5868272841051314
934 0.5868272841051314
935 0.5868272841051314
936 0.5868272841051314
937 0.5868272841051314
938 0.5869315811430955
939 0.5869315811430955
940 0.5869315811430955
941 0.5869315811430955
942 0.5869315811430955
943 0.5869315811430955
944 0.5869315811430955
945 0.5869315811430955
946 0.5869315811430955
947 0.5869315811430955
948 0.5869315811430955
949 0.5869315811430955
950 0.5869315811430955
951 0.5869315811430955
952 0.5870358781810596
953 0.5870358781810596
954 0.5870358781810596
955 0.5870358781810596
956 0.5870358781810596
957 0.5870358781810596
958 0.5870880267000417
959 0.5870880267000417
960 0.5870880267000417
961 0.5870880267000417
962 0.5870880267000417
963 0.5870880267000417
964 0.587244472256988
965 0.5873487692949521
966 0.5873487692949521
967 0.5873487692949521
968 0.5873487692949521
969 0.5873487692949521
970 0.5873487692949521
971 0.5873487692949521
972 0.5873487692949521
973 0.5873487692949521
974 0.5873487692949521
975 0.5873487692949521
976 0.5873487692949521
977 0.5873487692949521
978 0.5873487692949521
979 0.5873487692949521
980 0.5873487692949521
981 0.5873487692949521
982 0.5873487692949521
983 0.5873487692949521
984 0.5873487692949521
985 0.5873487692949521
986 0.5873487692949521
987 0.5873487692949521
988 0.5873487692949521
989 0.5873487692949521
990 0.5873487692949521
991 0.5874530663329162
992 0.5874530663329162
993 0.5874530663329162
994 0.5874530663329162
995 0.5874530663329162
996 0.5874530663329162
997 0.5874530663329162
998 0.5876616604088444
999 0.5876616604088444
