1 0.5029203170629954
2 0.5070400500625782
3 0.5070400500625782
4 0.5070400500625782
5 0.5070400500625782
6 0.5076136837713809
7 0.5076136837713809
8 0.5100125156445557
9 0.5100125156445557
10 0.5100125156445557
11 0.5110033375052149
12 0.5113162286191072
13 0.5113162286191072
14 0.5113162286191072
15 0.5113162286191072
16 0.5113162286191072
17 0.5113162286191072
18 0.5113162286191072
19 0.5113162286191072
20 0.5113162286191072
21 0.5113162286191072
22 0.5113162286191072
23 0.5113162286191072
24 0.5113162286191072
25 0.5113162286191072
26 0.5113162286191072
27 0.5113162286191072
28 0.5114205256570713
29 0.5114205256570713
30 0.5114205256570713
31 0.5114205256570713
32 0.5114205256570713
33 0.5118377138089278
34 0.5118377138089278
35 0.5118377138089278
36 0.5118377138089278
37 0.5118377138089278
38 0.5118377138089278
39 0.5118377138089278
40 0.5118377138089278
41 0.5118377138089278
42 0.5118377138089278
43 0.5118377138089278
44 0.5118377138089278
45 0.5118377138089278
46 0.5118377138089278
47 0.5118377138089278
48 0.5118377138089278
49 0.5118377138089278
50 0.5118377138089278
51 0.5118377138089278
52 0.5118377138089278
53 0.5118377138089278
54 0.5118377138089278
55 0.5118377138089278
56 0.5118377138089278
57 0.5118377138089278
58 0.5118377138089278
59 0.5118377138089278
60 0.5118377138089278
61 0.5118377138089278
62 0.5118377138089278
63 0.5118377138089278
64 0.5118377138089278
65 0.5118377138089278
66 0.5118377138089278
67 0.5118377138089278
68 0.5118377138089278
69 0.5118377138089278
70 0.5118377138089278
71 0.5118377138089278
72 0.5118377138089278
73 0.5118377138089278
74 0.5118377138089278
75 0.5118377138089278
76 0.5118377138089278
77 0.5118377138089278
78 0.5118377138089278
79 0.5118377138089278
80 0.5118377138089278
81 0.5118377138089278
82 0.5118377138089278
83 0.5118377138089278
84 0.5118377138089278
85 0.5118377138089278
86 0.5118377138089278
87 0.5118377138089278
88 0.5118377138089278
89 0.5118377138089278
90 0.5118377138089278
91 0.5118377138089278
92 0.5118377138089278
93 0.5118377138089278
94 0.5118377138089278
95 0.5118377138089278
96 0.5118377138089278
97 0.5118377138089278
98 0.5118377138089278
99 0.5118377138089278
100 0.5118377138089278
101 0.5118377138089278
102 0.5118377138089278
103 0.5118377138089278
104 0.5118377138089278
105 0.5118377138089278
106 0.5121506049228202
107 0.5121506049228202
108 0.5121506049228202
109 0.5121506049228202
110 0.5121506049228202
111 0.5121506049228202
112 0.5121506049228202
113 0.5121506049228202
114 0.5121506049228202
115 0.5121506049228202
116 0.5121506049228202
117 0.5121506049228202
118 0.5121506049228202
119 0.5121506049228202
120 0.5121506049228202
121 0.5121506049228202
122 0.5121506049228202
123 0.5121506049228202
124 0.5121506049228202
125 0.5121506049228202
126 0.5121506049228202
127 0.5121506049228202
128 0.5121506049228202
129 0.5121506049228202
130 0.5121506049228202
131 0.5121506049228202
132 0.5121506049228202
133 0.5121506049228202
134 0.5122027534418022
135 0.5122027534418022
136 0.5122027534418022
137 0.5123591989987485
138 0.5123591989987485
139 0.5123591989987485
140 0.5123591989987485
141 0.5123591989987485
142 0.5123591989987485
143 0.5123591989987485
144 0.5123591989987485
145 0.5123591989987485
146 0.5123591989987485
147 0.5123591989987485
148 0.5123591989987485
149 0.5123591989987485
150 0.5123591989987485
151 0.5123591989987485
152 0.5123591989987485
153 0.5123591989987485
154 0.5123591989987485
155 0.5123591989987485
156 0.5123591989987485
157 0.5123591989987485
158 0.5123591989987485
159 0.5123591989987485
160 0.5123591989987485
161 0.5123591989987485
162 0.5123591989987485
163 0.5123591989987485
164 0.5123591989987485
165 0.5123591989987485
166 0.5123591989987485
167 0.5123591989987485
168 0.5123591989987485
169 0.5123591989987485
170 0.5123591989987485
171 0.5123591989987485
172 0.5123591989987485
173 0.5123591989987485
174 0.5123591989987485
175 0.5123591989987485
176 0.5123591989987485
177 0.5123591989987485
178 0.5123591989987485
179 0.5123591989987485
180 0.5123591989987485
181 0.5123591989987485
182 0.5123591989987485
183 0.5123591989987485
184 0.5123591989987485
185 0.5123591989987485
186 0.5123591989987485
187 0.5123591989987485
188 0.5123591989987485
189 0.5123591989987485
190 0.5123591989987485
191 0.5123591989987485
192 0.5123591989987485
193 0.5123591989987485
194 0.5123591989987485
195 0.5123591989987485
196 0.5123591989987485
197 0.5123591989987485
198 0.5123591989987485
199 0.5123591989987485
200 0.5123591989987485
201 0.5123591989987485
202 0.5123591989987485
203 0.5123591989987485
204 0.5123591989987485
205 0.5123591989987485
206 0.5123591989987485
207 0.5123591989987485
208 0.5123591989987485
209 0.5123591989987485
210 0.5123591989987485
211 0.5123591989987485
212 0.5123591989987485
213 0.5123591989987485
214 0.5123591989987485
215 0.5123591989987485
216 0.5123591989987485
217 0.5123591989987485
218 0.5123591989987485
219 0.5123591989987485
220 0.5123591989987485
221 0.5123591989987485
222 0.5123591989987485
223 0.5123591989987485
224 0.5123591989987485
225 0.5123591989987485
226 0.5123591989987485
227 0.5123591989987485
228 0.5123591989987485
229 0.5123591989987485
230 0.5123591989987485
231 0.5123591989987485
232 0.5123591989987485
233 0.5123591989987485
234 0.5123591989987485
235 0.5123591989987485
236 0.5123591989987485
237 0.5123591989987485
238 0.5123591989987485
239 0.5123591989987485
240 0.5123591989987485
241 0.5123591989987485
242 0.5123591989987485
243 0.5123591989987485
244 0.5123591989987485
245 0.5123591989987485
246 0.5123591989987485
247 0.5123591989987485
248 0.5123591989987485
249 0.5123591989987485
250 0.5123591989987485
251 0.5123591989987485
252 0.5123591989987485
253 0.5123591989987485
254 0.5123591989987485
255 0.5123591989987485
256 0.5123591989987485
257 0.5123591989987485
258 0.5123591989987485
259 0.5123591989987485
260 0.5123591989987485
261 0.5123591989987485
262 0.5123591989987485
263 0.5123591989987485
264 0.5123591989987485
265 0.5123591989987485
266 0.5123591989987485
267 0.5123591989987485
268 0.5123591989987485
269 0.5123591989987485
270 0.5123591989987485
271 0.5123591989987485
272 0.5123591989987485
273 0.5123591989987485
274 0.5123591989987485
275 0.5123591989987485
276 0.5123591989987485
277 0.5123591989987485
278 0.5123591989987485
279 0.5123591989987485
280 0.5123591989987485
281 0.5123591989987485
282 0.5123591989987485
283 0.5123591989987485
284 0.5123591989987485
285 0.5123591989987485
286 0.5123591989987485
287 0.5123591989987485
288 0.5123591989987485
289 0.5123591989987485
290 0.5123591989987485
291 0.5123591989987485
292 0.5123591989987485
293 0.5123591989987485
294 0.5123591989987485
295 0.5123591989987485
296 0.5123591989987485
297 0.5123591989987485
298 0.5123591989987485
299 0.5123591989987485
300 0.5123591989987485
301 0.5123591989987485
302 0.5123591989987485
303 0.5123591989987485
304 0.5123591989987485
305 0.5123591989987485
306 0.5123591989987485
307 0.5123591989987485
308 0.5123591989987485
309 0.5123591989987485
310 0.5123591989987485
311 0.5123591989987485
312 0.5123591989987485
313 0.5123591989987485
314 0.5123591989987485
315 0.5123591989987485
316 0.5123591989987485
317 0.5123591989987485
318 0.5123591989987485
319 0.5123591989987485
320 0.5123591989987485
321 0.5123591989987485
322 0.5123591989987485
323 0.5123591989987485
324 0.5123591989987485
325 0.5123591989987485
326 0.5123591989987485
327 0.5123591989987485
328 0.5123591989987485
329 0.5123591989987485
330 0.5123591989987485
331 0.5123591989987485
332 0.5123591989987485
333 0.5123591989987485
334 0.5123591989987485
335 0.5123591989987485
336 0.5123591989987485
337 0.5123591989987485
338 0.5123591989987485
339 0.5123591989987485
340 0.5123591989987485
341 0.5123591989987485
342 0.5123591989987485
343 0.5123591989987485
344 0.5123591989987485
345 0.5123591989987485
346 0.5123591989987485
347 0.5123591989987485
348 0.5123591989987485
349 0.5123591989987485
350 0.5123591989987485
351 0.5123591989987485
352 0.5123591989987485
353 0.5123591989987485
354 0.5123591989987485
355 0.5123591989987485
356 0.5123591989987485
357 0.5123591989987485
358 0.5123591989987485
359 0.5123591989987485
360 0.5123591989987485
361 0.5123591989987485
362 0.5123591989987485
363 0.5123591989987485
364 0.5123591989987485
365 0.5123591989987485
366 0.5123591989987485
367 0.5123591989987485
368 0.5123591989987485
369 0.5123591989987485
370 0.5123591989987485
371 0.5123591989987485
372 0.5123591989987485
373 0.5123591989987485
374 0.5123591989987485
375 0.5123591989987485
376 0.5123591989987485
377 0.5123591989987485
378 0.5123591989987485
379 0.5123591989987485
380 0.5123591989987485
381 0.5123591989987485
382 0.5123591989987485
383 0.5123591989987485
384 0.5123591989987485
385 0.5123591989987485
386 0.5123591989987485
387 0.5123591989987485
388 0.5123591989987485
389 0.5123591989987485
390 0.5123591989987485
391 0.5123591989987485
392 0.5123591989987485
393 0.5123591989987485
394 0.5123591989987485
395 0.5123591989987485
396 0.5123591989987485
397 0.5123591989987485
398 0.5123591989987485
399 0.5123591989987485
400 0.5123591989987485
401 0.5123591989987485
402 0.5123591989987485
403 0.5123591989987485
404 0.5123591989987485
405 0.5123591989987485
406 0.5123591989987485
407 0.5123591989987485
408 0.5123591989987485
409 0.5123591989987485
410 0.5123591989987485
411 0.5123591989987485
412 0.5123591989987485
413 0.5123591989987485
414 0.5123591989987485
415 0.5123591989987485
416 0.5123591989987485
417 0.5123591989987485
418 0.5123591989987485
419 0.5123591989987485
420 0.5123591989987485
421 0.5123591989987485
422 0.5123591989987485
423 0.5123591989987485
424 0.5123591989987485
425 0.5123591989987485
426 0.5123591989987485
427 0.5123591989987485
428 0.5123591989987485
429 0.5123591989987485
430 0.5123591989987485
431 0.5123591989987485
432 0.5123591989987485
433 0.5123591989987485
434 0.5123591989987485
435 0.5123591989987485
436 0.5123591989987485
437 0.5123591989987485
438 0.5123591989987485
439 0.5123591989987485
440 0.5123591989987485
441 0.5123591989987485
442 0.5123591989987485
443 0.5123591989987485
444 0.5123591989987485
445 0.5123591989987485
446 0.5123591989987485
447 0.5123591989987485
448 0.5123591989987485
449 0.5123591989987485
450 0.5123591989987485
451 0.5123591989987485
452 0.5123591989987485
453 0.5123591989987485
454 0.5123591989987485
455 0.5123591989987485
456 0.5123591989987485
457 0.5123591989987485
458 0.5123591989987485
459 0.5123591989987485
460 0.5123591989987485
461 0.5123591989987485
462 0.5123591989987485
463 0.5123591989987485
464 0.5123591989987485
465 0.5123591989987485
466 0.5123591989987485
467 0.5123591989987485
468 0.5123591989987485
469 0.5123591989987485
470 0.5123591989987485
471 0.5123591989987485
472 0.5123591989987485
473 0.5123591989987485
474 0.5123591989987485
475 0.5123591989987485
476 0.5123591989987485
477 0.5123591989987485
478 0.5123591989987485
479 0.5123591989987485
480 0.5123591989987485
481 0.5123591989987485
482 0.5123591989987485
483 0.5123591989987485
484 0.5123591989987485
485 0.5123591989987485
486 0.5123591989987485
487 0.5123591989987485
488 0.5123591989987485
489 0.5123591989987485
490 0.5123591989987485
491 0.5123591989987485
492 0.5123591989987485
493 0.5123591989987485
494 0.5123591989987485
495 0.5123591989987485
496 0.5123591989987485
497 0.5123591989987485
498 0.5123591989987485
499 0.5123591989987485
500 0.5123591989987485
501 0.5123591989987485
502 0.5123591989987485
503 0.5123591989987485
504 0.5123591989987485
505 0.5123591989987485
506 0.5123591989987485
507 0.5123591989987485
508 0.5123591989987485
509 0.5123591989987485
510 0.5123591989987485
511 0.5123591989987485
512 0.5123591989987485
513 0.5123591989987485
514 0.5123591989987485
515 0.5123591989987485
516 0.5123591989987485
517 0.5123591989987485
518 0.5123591989987485
519 0.5123591989987485
520 0.5123591989987485
521 0.5123591989987485
522 0.5123591989987485
523 0.5123591989987485
524 0.5123591989987485
525 0.5123591989987485
526 0.5123591989987485
527 0.5123591989987485
528 0.5123591989987485
529 0.5123591989987485
530 0.5123591989987485
531 0.5123591989987485
532 0.5123591989987485
533 0.5123591989987485
534 0.5123591989987485
535 0.5123591989987485
536 0.5123591989987485
537 0.5123591989987485
538 0.5123591989987485
539 0.5123591989987485
540 0.5123591989987485
541 0.5123591989987485
542 0.5123591989987485
543 0.5123591989987485
544 0.5123591989987485
545 0.5123591989987485
546 0.5123591989987485
547 0.5123591989987485
548 0.5123591989987485
549 0.5123591989987485
550 0.5123591989987485
551 0.5123591989987485
552 0.5123591989987485
553 0.5123591989987485
554 0.5123591989987485
555 0.5123591989987485
556 0.5123591989987485
557 0.5123591989987485
558 0.5123591989987485
559 0.5123591989987485
560 0.5123591989987485
561 0.5123591989987485
562 0.5123591989987485
563 0.5123591989987485
564 0.5123591989987485
565 0.5123591989987485
566 0.5123591989987485
567 0.5123591989987485
568 0.5123591989987485
569 0.5123591989987485
570 0.5123591989987485
571 0.5123591989987485
572 0.5123591989987485
573 0.5123591989987485
574 0.5123591989987485
575 0.5123591989987485
576 0.5123591989987485
577 0.5123591989987485
578 0.5123591989987485
579 0.5123591989987485
580 0.5123591989987485
581 0.5123591989987485
582 0.5123591989987485
583 0.5123591989987485
584 0.5123591989987485
585 0.5123591989987485
586 0.5123591989987485
587 0.5123591989987485
588 0.5123591989987485
589 0.5123591989987485
590 0.5123591989987485
591 0.5123591989987485
592 0.5123591989987485
593 0.5123591989987485
594 0.5123591989987485
595 0.5123591989987485
596 0.5123591989987485
597 0.5123591989987485
598 0.5123591989987485
599 0.5123591989987485
600 0.5123591989987485
601 0.5123591989987485
602 0.5123591989987485
603 0.5123591989987485
604 0.5123591989987485
605 0.5123591989987485
606 0.5123591989987485
607 0.5123591989987485
608 0.5123591989987485
609 0.5123591989987485
610 0.5123591989987485
611 0.5123591989987485
612 0.5123591989987485
613 0.5123591989987485
614 0.5123591989987485
615 0.5123591989987485
616 0.5123591989987485
617 0.5123591989987485
618 0.5123591989987485
619 0.5123591989987485
620 0.5123591989987485
621 0.5123591989987485
622 0.5123591989987485
623 0.5123591989987485
624 0.5123591989987485
625 0.5123591989987485
626 0.5123591989987485
627 0.5123591989987485
628 0.5123591989987485
629 0.5123591989987485
630 0.5123591989987485
631 0.5123591989987485
632 0.5123591989987485
633 0.5123591989987485
634 0.5123591989987485
635 0.5123591989987485
636 0.5123591989987485
637 0.5123591989987485
638 0.5123591989987485
639 0.5123591989987485
640 0.5123591989987485
641 0.5123591989987485
642 0.5123591989987485
643 0.5123591989987485
644 0.5123591989987485
645 0.5123591989987485
646 0.5123591989987485
647 0.5123591989987485
648 0.5123591989987485
649 0.5123591989987485
650 0.5123591989987485
651 0.5123591989987485
652 0.5123591989987485
653 0.5123591989987485
654 0.5123591989987485
655 0.5123591989987485
656 0.5123591989987485
657 0.5123591989987485
658 0.5123591989987485
659 0.5123591989987485
660 0.5123591989987485
661 0.5123591989987485
662 0.5123591989987485
663 0.5123591989987485
664 0.5123591989987485
665 0.5123591989987485
666 0.5123591989987485
667 0.5123591989987485
668 0.5123591989987485
669 0.5123591989987485
670 0.5123591989987485
671 0.5123591989987485
672 0.5123591989987485
673 0.5123591989987485
674 0.5123591989987485
675 0.5123591989987485
676 0.5123591989987485
677 0.5123591989987485
678 0.5123591989987485
679 0.5123591989987485
680 0.5123591989987485
681 0.5123591989987485
682 0.5123591989987485
683 0.5123591989987485
684 0.5123591989987485
685 0.5123591989987485
686 0.5123591989987485
687 0.5123591989987485
688 0.5123591989987485
689 0.5123591989987485
690 0.5123591989987485
691 0.5123591989987485
692 0.5123591989987485
693 0.5123591989987485
694 0.5123591989987485
695 0.5123591989987485
696 0.5123591989987485
697 0.5123591989987485
698 0.5123591989987485
699 0.5123591989987485
700 0.5123591989987485
701 0.5123591989987485
702 0.5123591989987485
703 0.5123591989987485
704 0.5123591989987485
705 0.5123591989987485
706 0.5123591989987485
707 0.5123591989987485
708 0.5123591989987485
709 0.5123591989987485
710 0.5123591989987485
711 0.5123591989987485
712 0.5123591989987485
713 0.5123591989987485
714 0.5123591989987485
715 0.5123591989987485
716 0.5123591989987485
717 0.5123591989987485
718 0.5123591989987485
719 0.5123591989987485
720 0.5123591989987485
721 0.5123591989987485
722 0.5123591989987485
723 0.5123591989987485
724 0.5123591989987485
725 0.5123591989987485
726 0.5123591989987485
727 0.5123591989987485
728 0.5123591989987485
729 0.5123591989987485
730 0.5123591989987485
731 0.5123591989987485
732 0.5123591989987485
733 0.5123591989987485
734 0.5123591989987485
735 0.5123591989987485
736 0.5123591989987485
737 0.5123591989987485
738 0.5123591989987485
739 0.5123591989987485
740 0.5123591989987485
741 0.5123591989987485
742 0.5123591989987485
743 0.5123591989987485
744 0.5123591989987485
745 0.5123591989987485
746 0.5123591989987485
747 0.5123591989987485
748 0.5123591989987485
749 0.5123591989987485
750 0.5123591989987485
751 0.5123591989987485
752 0.5123591989987485
753 0.5123591989987485
754 0.5123591989987485
755 0.5123591989987485
756 0.5123591989987485
757 0.5123591989987485
758 0.5123591989987485
759 0.5123591989987485
760 0.5123591989987485
761 0.5123591989987485
762 0.5123591989987485
763 0.5123591989987485
764 0.5123591989987485
765 0.5123591989987485
766 0.5123591989987485
767 0.5123591989987485
768 0.5123591989987485
769 0.5123591989987485
770 0.5123591989987485
771 0.5123591989987485
772 0.5123591989987485
773 0.5123591989987485
774 0.5123591989987485
775 0.5123591989987485
776 0.5123591989987485
777 0.5123591989987485
778 0.5123591989987485
779 0.5123591989987485
780 0.5123591989987485
781 0.5123591989987485
782 0.5123591989987485
783 0.5123591989987485
784 0.5123591989987485
785 0.5123591989987485
786 0.5123591989987485
787 0.5123591989987485
788 0.5123591989987485
789 0.5123591989987485
790 0.5123591989987485
791 0.5123591989987485
792 0.5123591989987485
793 0.5123591989987485
794 0.5123591989987485
795 0.5123591989987485
796 0.5123591989987485
797 0.5123591989987485
798 0.5123591989987485
799 0.5123591989987485
800 0.5123591989987485
801 0.5123591989987485
802 0.5123591989987485
803 0.5123591989987485
804 0.5123591989987485
805 0.5123591989987485
806 0.5123591989987485
807 0.5123591989987485
808 0.5123591989987485
809 0.5123591989987485
810 0.5123591989987485
811 0.5123591989987485
812 0.5123591989987485
813 0.5123591989987485
814 0.5123591989987485
815 0.5123591989987485
816 0.5123591989987485
817 0.5123591989987485
818 0.5123591989987485
819 0.5123591989987485
820 0.5123591989987485
821 0.5123591989987485
822 0.5123591989987485
823 0.5123591989987485
824 0.5123591989987485
825 0.5123591989987485
826 0.5123591989987485
827 0.5123591989987485
828 0.5123591989987485
829 0.5123591989987485
830 0.5123591989987485
831 0.5123591989987485
832 0.5123591989987485
833 0.5123591989987485
834 0.5123591989987485
835 0.5123591989987485
836 0.5123591989987485
837 0.5123591989987485
838 0.5123591989987485
839 0.5123591989987485
840 0.5123591989987485
841 0.5123591989987485
842 0.5123591989987485
843 0.5123591989987485
844 0.5123591989987485
845 0.5123591989987485
846 0.5123591989987485
847 0.5123591989987485
848 0.5123591989987485
849 0.5123591989987485
850 0.5123591989987485
851 0.5123591989987485
852 0.5123591989987485
853 0.5123591989987485
854 0.5123591989987485
855 0.5123591989987485
856 0.5123591989987485
857 0.5123591989987485
858 0.5123591989987485
859 0.5123591989987485
860 0.5123591989987485
861 0.5123591989987485
862 0.5123591989987485
863 0.5123591989987485
864 0.5123591989987485
865 0.5123591989987485
866 0.5123591989987485
867 0.5123591989987485
868 0.5123591989987485
869 0.5123591989987485
870 0.5123591989987485
871 0.5123591989987485
872 0.5123591989987485
873 0.5123591989987485
874 0.5123591989987485
875 0.5123591989987485
876 0.5123591989987485
877 0.5123591989987485
878 0.5123591989987485
879 0.5123591989987485
880 0.5123591989987485
881 0.5123591989987485
882 0.5123591989987485
883 0.5123591989987485
884 0.5123591989987485
885 0.5123591989987485
886 0.5123591989987485
887 0.5123591989987485
888 0.5123591989987485
889 0.5123591989987485
890 0.5123591989987485
891 0.5123591989987485
892 0.5123591989987485
893 0.5123591989987485
894 0.5123591989987485
895 0.5123591989987485
896 0.5123591989987485
897 0.5123591989987485
898 0.5123591989987485
899 0.5123591989987485
900 0.5123591989987485
901 0.5123591989987485
902 0.5123591989987485
903 0.5123591989987485
904 0.5123591989987485
905 0.5123591989987485
906 0.5123591989987485
907 0.5123591989987485
908 0.5123591989987485
909 0.5123591989987485
910 0.5123591989987485
911 0.5123591989987485
912 0.5123591989987485
913 0.5123591989987485
914 0.5123591989987485
915 0.5123591989987485
916 0.5123591989987485
917 0.5123591989987485
918 0.5123591989987485
919 0.5123591989987485
920 0.5123591989987485
921 0.5123591989987485
922 0.5123591989987485
923 0.5123591989987485
924 0.5123591989987485
925 0.5123591989987485
926 0.5123591989987485
927 0.5123591989987485
928 0.5123591989987485
929 0.5123591989987485
930 0.5123591989987485
931 0.5123591989987485
932 0.5123591989987485
933 0.5123591989987485
934 0.5123591989987485
935 0.5123591989987485
936 0.5123591989987485
937 0.5123591989987485
938 0.5123591989987485
939 0.5123591989987485
940 0.5123591989987485
941 0.5123591989987485
942 0.5123591989987485
943 0.5123591989987485
944 0.5123591989987485
945 0.5123591989987485
946 0.5123591989987485
947 0.5123591989987485
948 0.5123591989987485
949 0.5123591989987485
950 0.5123591989987485
951 0.5123591989987485
952 0.5123591989987485
953 0.5123591989987485
954 0.5123591989987485
955 0.5123591989987485
956 0.5123591989987485
957 0.5123591989987485
958 0.5123591989987485
959 0.5123591989987485
960 0.5123591989987485
961 0.5123591989987485
962 0.5123591989987485
963 0.5123591989987485
964 0.5123591989987485
965 0.5123591989987485
966 0.5123591989987485
967 0.5123591989987485
968 0.5123591989987485
969 0.5123591989987485
970 0.5123591989987485
971 0.5123591989987485
972 0.5123591989987485
973 0.5123591989987485
974 0.5123591989987485
975 0.5123591989987485
976 0.5123591989987485
977 0.5123591989987485
978 0.5123591989987485
979 0.5123591989987485
980 0.5123591989987485
981 0.5123591989987485
982 0.5123591989987485
983 0.5123591989987485
984 0.5123591989987485
985 0.5123591989987485
986 0.5123591989987485
987 0.5123591989987485
988 0.5123591989987485
989 0.5123591989987485
990 0.5123591989987485
991 0.5123591989987485
992 0.5123591989987485
993 0.5123591989987485
994 0.5123591989987485
995 0.5123591989987485
996 0.5123591989987485
997 0.5123591989987485
998 0.5123591989987485
999 0.5123591989987485
