1 0.5055798915310805
2 0.5064142678347935
3 0.5067271589486858
4 0.5076136837713809
5 0.5076136837713809
6 0.5082394659991656
7 0.508552357113058
8 0.5089173967459324
9 0.5091259908218606
10 0.5096996245306633
11 0.5096996245306633
12 0.5104297037964122
13 0.5110033375052149
14 0.5115769712140176
15 0.511994159365874
16 0.5125156445556946
17 0.5126199415936588
18 0.5130371297455152
19 0.5134543178973717
20 0.513715060492282
21 0.5140801001251565
22 0.5148101793909053
23 0.5152273675427618
24 0.5152273675427618
25 0.5155924071756363
26 0.5160617438464747
27 0.5166353775552774
28 0.5170004171881518
29 0.5177304964539007
30 0.5179912390488111
31 0.5181476846057572
32 0.518825615352524
33 0.5193471005423446
34 0.5198164372131832
35 0.5198164372131832
36 0.5201293283270755
37 0.5202857738840216
38 0.5210680016687526
39 0.5216416353775553
40 0.5221109720483939
41 0.5224238631622862
42 0.5229453483521068
43 0.5234668335419274
44 0.5237275761368377
45 0.5243533583646225
46 0.5247705465164789
47 0.5250312891113892
48 0.525761368377138
49 0.5261264080100125
50 0.5264914476428869
51 0.526595744680851
52 0.5271693783896537
53 0.5276387150604923
54 0.5280559032123487
55 0.5282644972882771
56 0.5284209428452232
57 0.5287859824780976
58 0.5295682102628285
59 0.5297246558197747
60 0.5297246558197747
61 0.5300375469336671
62 0.5301418439716312
63 0.5310283687943262
64 0.5313412599082186
65 0.531706299541093
66 0.5323320817688778
67 0.5328535669586983
68 0.5332707551105549
69 0.5333229036295369
70 0.5339486858573217
71 0.5345744680851063
72 0.5350438047559449
73 0.5352523988318731
74 0.5356174384647476
75 0.53593032957864
76 0.5361910721735502
77 0.5363475177304965
78 0.536869002920317
79 0.5375469336670838
80 0.5381205673758865
81 0.5383291614518148
82 0.5383291614518148
83 0.5389549436795995
84 0.5392156862745098
85 0.5396850229453484
86 0.5396850229453484
87 0.5396850229453484
88 0.5399979140592407
89 0.5402586566541511
90 0.5404672507300793
91 0.5404672507300793
92 0.5406236962870254
93 0.541093032957864
94 0.5416666666666666
95 0.5418231122236129
96 0.5422403003754693
97 0.5426053400083438
98 0.5426574885273259
99 0.5430225281602002
100 0.5433354192740926
101 0.5435440133500209
102 0.5439090529828953
103 0.5442740926157698
104 0.5443262411347518
105 0.544482686691698
106 0.5447434292866082
107 0.5448998748435544
108 0.5450563204005007
109 0.5452127659574468
110 0.5456299541093033
111 0.5458385481852316
112 0.5463600333750521
113 0.5465686274509803
114 0.5468293700458907
115 0.547090112640801
116 0.5474030037546934
117 0.5477680433875678
118 0.547976637463496
119 0.5480287859824781
120 0.5483416770963705
121 0.5483416770963705
122 0.5484981226533167
123 0.5486024196912808
124 0.5487588652482269
125 0.5489153108051731
126 0.5491239048811014
127 0.5492803504380476
128 0.5493324989570296
129 0.5494889445139758
130 0.549697538589904
131 0.5498539841468503
132 0.5501668752607426
133 0.5501668752607426
134 0.5504276178556529
135 0.5504797663746349
136 0.5506362119315812
137 0.5508448060075094
138 0.5513141426783479
139 0.5515227367542762
140 0.5516791823112224
141 0.5517313308302044
142 0.5517313308302044
143 0.5520442219440967
144 0.5520442219440967
145 0.5526700041718815
146 0.5526700041718815
147 0.5528264497288277
148 0.5531393408427201
149 0.5532957863996663
150 0.5534522319566124
151 0.5536086775135586
152 0.5538172715894869
153 0.5539737171464331
154 0.5541301627033792
155 0.5543387567793074
156 0.5543909052982895
157 0.5543909052982895
158 0.5546516478931999
159 0.554755944931164
160 0.554755944931164
161 0.5550166875260742
162 0.5550166875260742
163 0.5554338756779308
164 0.5557989153108052
165 0.5557989153108052
166 0.5563204005006258
167 0.5566332916145181
168 0.5566854401335002
169 0.5573112223612849
170 0.557363370880267
171 0.5574676679182311
172 0.5575198164372132
173 0.5576241134751773
174 0.5579370045890697
175 0.5579370045890697
176 0.558249895702962
177 0.558249895702962
178 0.5583541927409261
179 0.5585106382978723
180 0.5586149353358365
181 0.5589278264497288
182 0.5589799749687109
183 0.5590321234876929
184 0.5592407175636211
185 0.5595536086775136
186 0.5598664997914059
187 0.559918648310388
188 0.5601272423863163
189 0.5602836879432624
190 0.5602836879432624
191 0.5603879849812266
192 0.5604401335002086
193 0.5607530246141009
194 0.5610659157279934
195 0.5613788068418857
196 0.5613788068418857
197 0.5614309553608677
198 0.5615874009178139
199 0.561691697955778
200 0.5617438464747602
201 0.5618481435127243
202 0.5620045890696704
203 0.5620567375886525
204 0.5621088861076345
205 0.5621088861076345
206 0.5621088861076345
207 0.5623696287025448
208 0.5625782227784731
209 0.5625782227784731
210 0.5626303712974552
211 0.5630475594493116
212 0.5632040050062578
213 0.563360450563204
214 0.5634647476011682
215 0.5637254901960784
216 0.5637776387150605
217 0.5638297872340425
218 0.5638819357530246
219 0.564142678347935
220 0.564142678347935
221 0.5644555694618273
222 0.5645598664997914
223 0.5646641635377555
224 0.5646641635377555
225 0.5648727576136837
226 0.5648727576136837
227 0.5648727576136837
228 0.565081351689612
229 0.5652899457655403
230 0.5654463913224864
231 0.565863579474343
232 0.565863579474343
233 0.565863579474343
234 0.565863579474343
235 0.5660200250312891
236 0.5661243220692532
237 0.5661764705882353
238 0.5661764705882353
239 0.5662286191072173
240 0.5663329161451814
241 0.5665936587400918
242 0.5665936587400918
243 0.5666979557780559
244 0.5666979557780559
245 0.566750104297038
246 0.5669586983729662
247 0.5670629954109303
248 0.5672715894868585
249 0.5672715894868585
250 0.5673758865248227
251 0.5674280350438048
252 0.5677409261576971
253 0.5677409261576971
254 0.5677409261576971
255 0.5677409261576971
256 0.5677409261576971
257 0.5678452231956612
258 0.5678452231956612
259 0.5678452231956612
260 0.5680016687526074
261 0.5680016687526074
262 0.5680538172715894
263 0.5680538172715894
264 0.5682102628285357
265 0.5683145598664998
266 0.5683145598664998
267 0.5683667083854819
268 0.568471005423446
269 0.568471005423446
270 0.568523153942428
271 0.5687838965373383
272 0.5688881935753025
273 0.5688881935753025
274 0.5689403420942846
275 0.5690446391322487
276 0.5690446391322487
277 0.5690446391322487
278 0.5693053817271589
279 0.569409678765123
280 0.5697225698790155
281 0.5700354609929078
282 0.5700876095118899
283 0.5700876095118899
284 0.5700876095118899
285 0.570191906549854
286 0.5702962035878181
287 0.5702962035878181
288 0.5702962035878181
289 0.5704526491447642
290 0.5707655402586567
291 0.5709741343345849
292 0.5709741343345849
293 0.5709741343345849
294 0.5710262828535669
295 0.5712870254484773
296 0.5715477680433876
297 0.5715477680433876
298 0.5715477680433876
299 0.5715477680433876
300 0.5715477680433876
301 0.5715999165623696
302 0.5715999165623696
303 0.5718085106382979
304 0.5718085106382979
305 0.5718085106382979
306 0.5718085106382979
307 0.571912807676262
308 0.5720692532332082
309 0.5721735502711723
310 0.5721735502711723
311 0.5723299958281185
312 0.5723299958281185
313 0.5725385899040467
314 0.5725385899040467
315 0.5725385899040467
316 0.5725385899040467
317 0.5725385899040467
318 0.5729036295369212
319 0.5729036295369212
320 0.5732686691697956
321 0.5733729662077597
322 0.5733729662077597
323 0.5733729662077597
324 0.5735815602836879
325 0.5736858573216521
326 0.5736858573216521
327 0.5737901543596162
328 0.5738423028785983
329 0.5738423028785983
330 0.5738423028785983
331 0.5738423028785983
332 0.5738423028785983
333 0.5741030454735085
334 0.5741030454735085
335 0.5741551939924906
336 0.5741551939924906
337 0.5742594910304547
338 0.5742594910304547
339 0.5742594910304547
340 0.5743637880684188
341 0.5743637880684188
342 0.5743637880684188
343 0.5744159365874009
344 0.5744159365874009
345 0.5744159365874009
346 0.5744159365874009
347 0.5744159365874009
348 0.5746766791823112
349 0.5748852732582395
350 0.5748852732582395
351 0.5748852732582395
352 0.5748852732582395
353 0.5749374217772215
354 0.5749374217772215
355 0.5750417188151856
356 0.5751981643721318
357 0.5751981643721318
358 0.5751981643721318
359 0.5751981643721318
360 0.5751981643721318
361 0.5751981643721318
362 0.575354609929078
363 0.575354609929078
364 0.575354609929078
365 0.5755632040050063
366 0.5755632040050063
367 0.5756153525239883
368 0.5756675010429704
369 0.5757717980809345
370 0.5759803921568627
371 0.5760846891948269
372 0.5760846891948269
373 0.5760846891948269
374 0.5760846891948269
375 0.576188986232791
376 0.576188986232791
377 0.5763454317897372
378 0.5763454317897372
379 0.5765540258656654
380 0.5766061743846475
381 0.5766583229036295
382 0.5767104714226116
383 0.5767104714226116
384 0.5767626199415936
385 0.5768669169795578
386 0.5768669169795578
387 0.5769190654985399
388 0.5769190654985399
389 0.5769190654985399
390 0.5769190654985399
391 0.5769712140175219
392 0.5771276595744681
393 0.5772319566124322
394 0.5772319566124322
395 0.5772841051314143
396 0.5772841051314143
397 0.5774926992073425
398 0.5775448477263245
399 0.5775448477263245
400 0.5777012932832708
401 0.5777012932832708
402 0.5777534418022529
403 0.5777534418022529
404 0.5777534418022529
405 0.5778055903212349
406 0.577909887359199
407 0.577909887359199
408 0.5779620358781811
409 0.5779620358781811
410 0.5779620358781811
411 0.5782227784730913
412 0.5782227784730913
413 0.5782227784730913
414 0.5784313725490197
415 0.5785356695869838
416 0.5785356695869838
417 0.578796412181894
418 0.5789528577388402
419 0.5789528577388402
420 0.5790050062578223
421 0.5791093032957864
422 0.5791093032957864
423 0.5791093032957864
424 0.5792136003337505
425 0.5792136003337505
426 0.5793178973717147
427 0.5794743429286608
428 0.5794743429286608
429 0.5794743429286608
430 0.5794743429286608
431 0.5794743429286608
432 0.5794743429286608
433 0.5795264914476429
434 0.5795264914476429
435 0.5795264914476429
436 0.579578639966625
437 0.5796829370045891
438 0.5796829370045891
439 0.5797350855235711
440 0.5797350855235711
441 0.5798915310805173
442 0.5798915310805173
443 0.5799958281184814
444 0.5799958281184814
445 0.5799958281184814
446 0.5799958281184814
447 0.5799958281184814
448 0.5799958281184814
449 0.5799958281184814
450 0.5799958281184814
451 0.5799958281184814
452 0.5799958281184814
453 0.5800479766374635
454 0.5800479766374635
455 0.5802044221944097
456 0.5802044221944097
457 0.580517313308302
458 0.580517313308302
459 0.580517313308302
460 0.5806737588652482
461 0.5806737588652482
462 0.5806737588652482
463 0.5806737588652482
464 0.5806737588652482
465 0.5809345014601586
466 0.5809345014601586
467 0.5809345014601586
468 0.5809345014601586
469 0.5809345014601586
470 0.5809866499791406
471 0.5809866499791406
472 0.5809866499791406
473 0.5809866499791406
474 0.5812473925740509
475 0.5812473925740509
476 0.5812473925740509
477 0.5815081351689612
478 0.5815081351689612
479 0.5815602836879432
480 0.5815602836879432
481 0.5815602836879432
482 0.5815602836879432
483 0.5815602836879432
484 0.5816124322069254
485 0.5817167292448895
486 0.5817167292448895
487 0.5817167292448895
488 0.5821339173967459
489 0.5821339173967459
490 0.5822903629536921
491 0.5822903629536921
492 0.5822903629536921
493 0.5823425114726741
494 0.5823946599916562
495 0.5823946599916562
496 0.5823946599916562
497 0.5824468085106383
498 0.5824468085106383
499 0.5824468085106383
500 0.5824468085106383
501 0.5824468085106383
502 0.5824468085106383
503 0.5824468085106383
504 0.5824468085106383
505 0.5824468085106383
506 0.5824468085106383
507 0.5824468085106383
508 0.5824989570296204
509 0.5825511055486025
510 0.5825511055486025
511 0.5825511055486025
512 0.5825511055486025
513 0.5827075511055486
514 0.5827075511055486
515 0.5828118481435127
516 0.5828118481435127
517 0.5829682937004589
518 0.5829682937004589
519 0.583072590738423
520 0.583072590738423
521 0.583072590738423
522 0.583072590738423
523 0.583072590738423
524 0.583072590738423
525 0.583072590738423
526 0.5832290362953693
527 0.5832811848143513
528 0.5832811848143513
529 0.5833333333333334
530 0.5833333333333334
531 0.5833333333333334
532 0.5833333333333334
533 0.5834376303712975
534 0.5834376303712975
535 0.5834376303712975
536 0.5834376303712975
537 0.5834376303712975
538 0.5834376303712975
539 0.5834376303712975
540 0.5834897788902795
541 0.5834897788902795
542 0.5835419274092616
543 0.5835419274092616
544 0.5835419274092616
545 0.5835419274092616
546 0.5836462244472257
547 0.5836462244472257
548 0.5836983729662077
549 0.5837505214851898
550 0.5837505214851898
551 0.5837505214851898
552 0.583906967042136
553 0.583906967042136
554 0.5840112640801002
555 0.5840112640801002
556 0.5840112640801002
557 0.5840112640801002
558 0.5840112640801002
559 0.5840112640801002
560 0.5840112640801002
561 0.5840634125990822
562 0.5840634125990822
563 0.5840634125990822
564 0.5840634125990822
565 0.5840634125990822
566 0.5840634125990822
567 0.5841155611180643
568 0.5841155611180643
569 0.5841155611180643
570 0.5841155611180643
571 0.5841155611180643
572 0.5841155611180643
573 0.5841155611180643
574 0.5841677096370463
575 0.5841677096370463
576 0.5842198581560284
577 0.5842720066750104
578 0.5844284522319566
579 0.5844806007509387
580 0.5846891948268669
581 0.5846891948268669
582 0.5846891948268669
583 0.5846891948268669
584 0.5846891948268669
585 0.5846891948268669
586 0.5846891948268669
587 0.5847934918648311
588 0.5847934918648311
589 0.5847934918648311
590 0.5847934918648311
591 0.5848977889027952
592 0.5848977889027952
593 0.5848977889027952
594 0.5848977889027952
595 0.5848977889027952
596 0.5848977889027952
597 0.5848977889027952
598 0.5848977889027952
599 0.5848977889027952
600 0.5849499374217773
601 0.5849499374217773
602 0.5849499374217773
603 0.5849499374217773
604 0.5849499374217773
605 0.5850542344597414
606 0.5850542344597414
607 0.5850542344597414
608 0.5851063829787234
609 0.5851063829787234
610 0.5854192740926157
611 0.5854714226115978
612 0.5855235711305798
613 0.5855235711305798
614 0.5855235711305798
615 0.5857321652065082
616 0.5857321652065082
617 0.5857321652065082
618 0.5857321652065082
619 0.5857321652065082
620 0.5857321652065082
621 0.5857321652065082
622 0.5857321652065082
623 0.5857321652065082
624 0.5857321652065082
625 0.5857321652065082
626 0.5859407592824364
627 0.5859929078014184
628 0.5859929078014184
629 0.5859929078014184
630 0.5859929078014184
631 0.5860450563204005
632 0.5860450563204005
633 0.5860972048393825
634 0.5860972048393825
635 0.5860972048393825
636 0.5860972048393825
637 0.5860972048393825
638 0.5860972048393825
639 0.5862536503963287
640 0.5862536503963287
641 0.5862536503963287
642 0.5862536503963287
643 0.5862536503963287
644 0.5862536503963287
645 0.586462244472257
646 0.5865143929912391
647 0.5865143929912391
648 0.5865143929912391
649 0.5865143929912391
650 0.5865143929912391
651 0.5865143929912391
652 0.5865143929912391
653 0.5865143929912391
654 0.5865143929912391
655 0.5865143929912391
656 0.5865143929912391
657 0.5865665415102211
658 0.5865665415102211
659 0.5866186900292032
660 0.5867229870671673
661 0.5867751355861494
662 0.5867751355861494
663 0.5867751355861494
664 0.5867751355861494
665 0.5867751355861494
666 0.5867751355861494
667 0.5867751355861494
668 0.5867751355861494
669 0.5867751355861494
670 0.5868794326241135
671 0.5868794326241135
672 0.5868794326241135
673 0.5868794326241135
674 0.5868794326241135
675 0.5868794326241135
676 0.5868794326241135
677 0.5870358781810596
678 0.5870358781810596
679 0.5870358781810596
680 0.5870358781810596
681 0.5871923237380059
682 0.5871923237380059
683 0.587244472256988
684 0.587244472256988
685 0.5873487692949521
686 0.5873487692949521
687 0.5873487692949521
688 0.5873487692949521
689 0.5873487692949521
690 0.5873487692949521
691 0.5874009178139341
692 0.5874009178139341
693 0.5874009178139341
694 0.5874009178139341
695 0.5875052148518982
696 0.5875573633708803
697 0.5879745515227367
698 0.5880267000417189
699 0.5880267000417189
700 0.5880267000417189
701 0.5880267000417189
702 0.5880267000417189
703 0.5880267000417189
704 0.5880267000417189
705 0.5880267000417189
706 0.5880267000417189
707 0.588130997079683
708 0.5882352941176471
709 0.5882352941176471
710 0.5882352941176471
711 0.5884960367125573
712 0.5884960367125573
713 0.5884960367125573
714 0.5885481852315394
715 0.5885481852315394
716 0.5885481852315394
717 0.5885481852315394
718 0.5886003337505215
719 0.5886524822695035
720 0.5886524822695035
721 0.5886524822695035
722 0.5886524822695035
723 0.5886524822695035
724 0.5886524822695035
725 0.5888610763454318
726 0.5889132248644139
727 0.5889132248644139
728 0.589017521902378
729 0.58906967042136
730 0.58906967042136
731 0.58906967042136
732 0.58906967042136
733 0.58906967042136
734 0.58906967042136
735 0.58906967042136
736 0.58906967042136
737 0.5891218189403421
738 0.5891739674593242
739 0.5891739674593242
740 0.5891739674593242
741 0.5891739674593242
742 0.5891739674593242
743 0.5891739674593242
744 0.5891739674593242
745 0.5891739674593242
746 0.5892782644972883
747 0.5892782644972883
748 0.5892782644972883
749 0.5892782644972883
750 0.5893825615352524
751 0.5893825615352524
752 0.5893825615352524
753 0.5893825615352524
754 0.5893825615352524
755 0.5894347100542344
756 0.5894868585732165
757 0.5894868585732165
758 0.5894868585732165
759 0.5894868585732165
760 0.5894868585732165
761 0.5895390070921985
762 0.5895390070921985
763 0.5895390070921985
764 0.5895390070921985
765 0.5895911556111807
766 0.5895911556111807
767 0.5895911556111807
768 0.5895911556111807
769 0.5895911556111807
770 0.5895911556111807
771 0.5896433041301627
772 0.5896433041301627
773 0.5896954526491448
774 0.5896954526491448
775 0.5897476011681269
776 0.5897476011681269
777 0.5897476011681269
778 0.5897997496871089
779 0.5897997496871089
780 0.5897997496871089
781 0.5897997496871089
782 0.5897997496871089
783 0.589851898206091
784 0.5899561952440551
785 0.5899561952440551
786 0.5901126408010012
787 0.5901126408010012
788 0.5901126408010012
789 0.5901126408010012
790 0.5901126408010012
791 0.5901126408010012
792 0.5901126408010012
793 0.5901126408010012
794 0.5901126408010012
795 0.5901126408010012
796 0.5902169378389653
797 0.5902169378389653
798 0.5902169378389653
799 0.5902169378389653
800 0.5903212348769294
801 0.5903212348769294
802 0.5903212348769294
803 0.5903212348769294
804 0.5903212348769294
805 0.5903212348769294
806 0.5903212348769294
807 0.5903212348769294
808 0.5903733833959116
809 0.5904255319148937
810 0.5905298289528578
811 0.5905298289528578
812 0.5905298289528578
813 0.5905298289528578
814 0.5905298289528578
815 0.5905298289528578
816 0.5905298289528578
817 0.5905298289528578
818 0.5905298289528578
819 0.5905298289528578
820 0.5905298289528578
821 0.5905298289528578
822 0.5905298289528578
823 0.5905298289528578
824 0.5905298289528578
825 0.5905298289528578
826 0.5905298289528578
827 0.5906341259908219
828 0.5906341259908219
829 0.5906341259908219
830 0.5906341259908219
831 0.5906341259908219
832 0.5906341259908219
833 0.5908948685857321
834 0.5909991656236963
835 0.5909991656236963
836 0.5909991656236963
837 0.5909991656236963
838 0.5909991656236963
839 0.5909991656236963
840 0.5909991656236963
841 0.5909991656236963
842 0.5909991656236963
843 0.5909991656236963
844 0.5909991656236963
845 0.5909991656236963
846 0.5909991656236963
847 0.5909991656236963
848 0.5909991656236963
849 0.5909991656236963
850 0.5909991656236963
851 0.5909991656236963
852 0.5909991656236963
853 0.5910513141426783
854 0.5912077596996246
855 0.5912077596996246
856 0.5912077596996246
857 0.5913642052565707
858 0.5913642052565707
859 0.5913642052565707
860 0.5913642052565707
861 0.5913642052565707
862 0.5913642052565707
863 0.5913642052565707
864 0.5913642052565707
865 0.5913642052565707
866 0.5913642052565707
867 0.5913642052565707
868 0.5913642052565707
869 0.5914163537755528
870 0.5914163537755528
871 0.5914163537755528
872 0.5914163537755528
873 0.5914163537755528
874 0.5914163537755528
875 0.5914163537755528
876 0.5914163537755528
877 0.5914163537755528
878 0.5914163537755528
879 0.5914163537755528
880 0.591572799332499
881 0.591572799332499
882 0.591572799332499
883 0.591572799332499
884 0.591572799332499
885 0.5916770963704631
886 0.5916770963704631
887 0.5916770963704631
888 0.5916770963704631
889 0.5916770963704631
890 0.5916770963704631
891 0.5916770963704631
892 0.5916770963704631
893 0.5916770963704631
894 0.5916770963704631
895 0.5916770963704631
896 0.5916770963704631
897 0.5916770963704631
898 0.5916770963704631
899 0.5916770963704631
900 0.5916770963704631
901 0.5916770963704631
902 0.5917292448894451
903 0.5917292448894451
904 0.5917292448894451
905 0.5917292448894451
906 0.5918856904463913
907 0.5918856904463913
908 0.5919378389653733
909 0.5919378389653733
910 0.5919899874843555
911 0.5919899874843555
912 0.5919899874843555
913 0.5920421360033375
914 0.5920421360033375
915 0.5920942845223196
916 0.5920942845223196
917 0.5920942845223196
918 0.5920942845223196
919 0.5920942845223196
920 0.5920942845223196
921 0.5921985815602837
922 0.5921985815602837
923 0.5921985815602837
924 0.5922507300792658
925 0.5922507300792658
926 0.5922507300792658
927 0.5922507300792658
928 0.592459324155194
929 0.592459324155194
930 0.592511472674176
931 0.5926157697121401
932 0.5926157697121401
933 0.5926157697121401
934 0.5926157697121401
935 0.5926157697121401
936 0.5928243637880685
937 0.5928765123070505
938 0.5928765123070505
939 0.5928765123070505
940 0.5929808093450146
941 0.5930329578639967
942 0.5930329578639967
943 0.5931894034209428
944 0.5932415519399249
945 0.593293700458907
946 0.593345848977889
947 0.593345848977889
948 0.593345848977889
949 0.593345848977889
950 0.593345848977889
951 0.593345848977889
952 0.593345848977889
953 0.593345848977889
954 0.593345848977889
955 0.593345848977889
956 0.5934501460158531
957 0.5934501460158531
958 0.5934501460158531
959 0.5934501460158531
960 0.5934501460158531
961 0.5934501460158531
962 0.5934501460158531
963 0.5934501460158531
964 0.5934501460158531
965 0.5934501460158531
966 0.5934501460158531
967 0.5936065915727994
968 0.5936065915727994
969 0.5936065915727994
970 0.5936587400917814
971 0.5936587400917814
972 0.5936587400917814
973 0.5936587400917814
974 0.5936587400917814
975 0.5936587400917814
976 0.5936587400917814
977 0.5936587400917814
978 0.5936587400917814
979 0.5936587400917814
980 0.5936587400917814
981 0.5936587400917814
982 0.5936587400917814
983 0.5936587400917814
984 0.5936587400917814
985 0.5936587400917814
986 0.5936587400917814
987 0.5936587400917814
988 0.5936587400917814
989 0.5936587400917814
990 0.5936587400917814
991 0.5936587400917814
992 0.5936587400917814
993 0.5936587400917814
994 0.5936587400917814
995 0.5936587400917814
996 0.5936587400917814
997 0.5936587400917814
998 0.5936587400917814
999 0.5937630371297455
