1 0.5072486441385065
2 0.5103775552774301
3 0.5103775552774301
4 0.5112119315811431
5 0.5112119315811431
6 0.5115769712140176
7 0.5115769712140176
8 0.5115769712140176
9 0.511942010846892
10 0.5136629119732999
11 0.5136629119732999
12 0.5136629119732999
13 0.513715060492282
14 0.513715060492282
15 0.5168439716312057
16 0.5168961201501877
17 0.5168961201501877
18 0.5168961201501877
19 0.5168961201501877
20 0.5168961201501877
21 0.5168961201501877
22 0.5168961201501877
23 0.5168961201501877
24 0.5168961201501877
25 0.5168961201501877
26 0.5168961201501877
27 0.5168961201501877
28 0.5168961201501877
29 0.5168961201501877
30 0.5168961201501877
31 0.5168961201501877
32 0.5168961201501877
33 0.5168961201501877
34 0.5168961201501877
35 0.5168961201501877
36 0.5168961201501877
37 0.5168961201501877
38 0.5168961201501877
39 0.5168961201501877
40 0.5168961201501877
41 0.5168961201501877
42 0.5168961201501877
43 0.5168961201501877
44 0.5168961201501877
45 0.5168961201501877
46 0.5168961201501877
47 0.5168961201501877
48 0.5168961201501877
49 0.5168961201501877
50 0.5168961201501877
51 0.5168961201501877
52 0.5168961201501877
53 0.5168961201501877
54 0.5168961201501877
55 0.5168961201501877
56 0.5168961201501877
57 0.5168961201501877
58 0.5168961201501877
59 0.5169482686691698
60 0.5169482686691698
61 0.5169482686691698
62 0.5169482686691698
63 0.5169482686691698
64 0.5169482686691698
65 0.5169482686691698
66 0.5169482686691698
67 0.5169482686691698
68 0.5169482686691698
69 0.5169482686691698
70 0.5169482686691698
71 0.5169482686691698
72 0.5169482686691698
73 0.5169482686691698
74 0.5169482686691698
75 0.5169482686691698
76 0.5169482686691698
77 0.5169482686691698
78 0.5169482686691698
79 0.5169482686691698
80 0.5169482686691698
81 0.5169482686691698
82 0.5169482686691698
83 0.5169482686691698
84 0.5169482686691698
85 0.5169482686691698
86 0.5169482686691698
87 0.5169482686691698
88 0.5169482686691698
89 0.5169482686691698
90 0.5169482686691698
91 0.5169482686691698
92 0.5169482686691698
93 0.5169482686691698
94 0.5169482686691698
95 0.5169482686691698
96 0.5169482686691698
97 0.5169482686691698
98 0.5169482686691698
99 0.5169482686691698
100 0.5169482686691698
101 0.5169482686691698
102 0.5169482686691698
103 0.5169482686691698
104 0.5169482686691698
105 0.5169482686691698
106 0.5169482686691698
107 0.5169482686691698
108 0.5169482686691698
109 0.5169482686691698
110 0.5169482686691698
111 0.5169482686691698
112 0.5169482686691698
113 0.5169482686691698
114 0.5169482686691698
115 0.5170004171881518
116 0.5170004171881518
117 0.5170004171881518
118 0.5170004171881518
119 0.5170004171881518
120 0.5170004171881518
121 0.5170004171881518
122 0.5170004171881518
123 0.5170004171881518
124 0.5170004171881518
125 0.5170004171881518
126 0.5170004171881518
127 0.5170004171881518
128 0.5170004171881518
129 0.5170004171881518
130 0.5170004171881518
131 0.5170004171881518
132 0.5170004171881518
133 0.5170004171881518
134 0.5170004171881518
135 0.5170004171881518
136 0.5170004171881518
137 0.5170004171881518
138 0.5170004171881518
139 0.5170004171881518
140 0.5170004171881518
141 0.5170004171881518
142 0.5170004171881518
143 0.5170004171881518
144 0.5170004171881518
145 0.5170004171881518
146 0.5170004171881518
147 0.5170004171881518
148 0.5170004171881518
149 0.5170004171881518
150 0.5170004171881518
151 0.5170004171881518
152 0.5170004171881518
153 0.5170004171881518
154 0.5170004171881518
155 0.5170004171881518
156 0.5171568627450981
157 0.5171568627450981
158 0.5172090112640801
159 0.5172090112640801
160 0.5172090112640801
161 0.5172090112640801
162 0.5172090112640801
163 0.5172090112640801
164 0.5172090112640801
165 0.5172090112640801
166 0.5172090112640801
167 0.5172090112640801
168 0.5172090112640801
169 0.5172090112640801
170 0.5172090112640801
171 0.5172090112640801
172 0.5172090112640801
173 0.5172090112640801
174 0.5172090112640801
175 0.5172090112640801
176 0.5172090112640801
177 0.5172090112640801
178 0.5172090112640801
179 0.5172090112640801
180 0.5172090112640801
181 0.5172090112640801
182 0.5172090112640801
183 0.5172090112640801
184 0.5172090112640801
185 0.5172090112640801
186 0.5172090112640801
187 0.5172090112640801
188 0.5172090112640801
189 0.5172090112640801
190 0.5172090112640801
191 0.5172090112640801
192 0.5172090112640801
193 0.5172090112640801
194 0.5172090112640801
195 0.5172090112640801
196 0.5172090112640801
197 0.5172090112640801
198 0.5172090112640801
199 0.5172090112640801
200 0.5172090112640801
201 0.5172090112640801
202 0.5172090112640801
203 0.5172090112640801
204 0.5172090112640801
205 0.5172090112640801
206 0.5172090112640801
207 0.5172090112640801
208 0.5172090112640801
209 0.5172090112640801
210 0.5172090112640801
211 0.5172090112640801
212 0.5172090112640801
213 0.5172090112640801
214 0.5172090112640801
215 0.5172090112640801
216 0.5172090112640801
217 0.5172090112640801
218 0.5172090112640801
219 0.5172090112640801
220 0.5172090112640801
221 0.5172090112640801
222 0.5172090112640801
223 0.5172090112640801
224 0.5172090112640801
225 0.5172090112640801
226 0.5172090112640801
227 0.5172090112640801
228 0.5172090112640801
229 0.5172090112640801
230 0.5172090112640801
231 0.5172090112640801
232 0.5172090112640801
233 0.5172090112640801
234 0.5172090112640801
235 0.5172090112640801
236 0.5172090112640801
237 0.5172090112640801
238 0.5172090112640801
239 0.5172090112640801
240 0.5172090112640801
241 0.5172090112640801
242 0.5172090112640801
243 0.5172090112640801
244 0.5172090112640801
245 0.5172090112640801
246 0.5172090112640801
247 0.5172090112640801
248 0.5172090112640801
249 0.5172090112640801
250 0.5172090112640801
251 0.5172090112640801
252 0.5172090112640801
253 0.5172090112640801
254 0.5172090112640801
255 0.5172090112640801
256 0.5172090112640801
257 0.5172090112640801
258 0.5172090112640801
259 0.5172090112640801
260 0.5172090112640801
261 0.5172090112640801
262 0.5172090112640801
263 0.5172090112640801
264 0.5172090112640801
265 0.5172090112640801
266 0.5172090112640801
267 0.5172090112640801
268 0.5172090112640801
269 0.5172090112640801
270 0.5172090112640801
271 0.5172090112640801
272 0.5172090112640801
273 0.5172090112640801
274 0.5172090112640801
275 0.5172090112640801
276 0.5172090112640801
277 0.5172090112640801
278 0.5172090112640801
279 0.5172090112640801
280 0.5172090112640801
281 0.5172090112640801
282 0.5172090112640801
283 0.5172090112640801
284 0.5172090112640801
285 0.5172090112640801
286 0.5172090112640801
287 0.5172090112640801
288 0.5172090112640801
289 0.5172090112640801
290 0.5172090112640801
291 0.5172090112640801
292 0.5172090112640801
293 0.5172090112640801
294 0.5173133083020443
295 0.5173133083020443
296 0.5173133083020443
297 0.5173133083020443
298 0.5173133083020443
299 0.5173133083020443
300 0.5173133083020443
301 0.5173133083020443
302 0.5173133083020443
303 0.5173133083020443
304 0.5173133083020443
305 0.5173133083020443
306 0.5173133083020443
307 0.5173133083020443
308 0.5173133083020443
309 0.5173133083020443
310 0.5173133083020443
311 0.5173133083020443
312 0.5173133083020443
313 0.5173133083020443
314 0.5173133083020443
315 0.5173133083020443
316 0.5173133083020443
317 0.5173133083020443
318 0.5173133083020443
319 0.5173133083020443
320 0.5173133083020443
321 0.5173133083020443
322 0.5173133083020443
323 0.5173133083020443
324 0.5173133083020443
325 0.5173133083020443
326 0.5173133083020443
327 0.5173133083020443
328 0.5173133083020443
329 0.5173133083020443
330 0.5173133083020443
331 0.5173133083020443
332 0.5173133083020443
333 0.5173133083020443
334 0.5173133083020443
335 0.5173133083020443
336 0.5173133083020443
337 0.5173133083020443
338 0.5173133083020443
339 0.5173133083020443
340 0.5173133083020443
341 0.5173133083020443
342 0.5173133083020443
343 0.5173133083020443
344 0.5173133083020443
345 0.5173133083020443
346 0.5173133083020443
347 0.5173133083020443
348 0.5173133083020443
349 0.5173133083020443
350 0.5173133083020443
351 0.5173133083020443
352 0.5173133083020443
353 0.5173133083020443
354 0.5173133083020443
355 0.5173133083020443
356 0.5173133083020443
357 0.5173133083020443
358 0.5173133083020443
359 0.5173133083020443
360 0.5173133083020443
361 0.5173133083020443
362 0.5173133083020443
363 0.5173133083020443
364 0.5173133083020443
365 0.5173133083020443
366 0.5173133083020443
367 0.5173133083020443
368 0.5173133083020443
369 0.5173133083020443
370 0.5173133083020443
371 0.5173133083020443
372 0.5173133083020443
373 0.5173133083020443
374 0.5173133083020443
375 0.5173133083020443
376 0.5173133083020443
377 0.5173133083020443
378 0.5173133083020443
379 0.5173133083020443
380 0.5173133083020443
381 0.5173133083020443
382 0.5173133083020443
383 0.5173133083020443
384 0.5173133083020443
385 0.5173133083020443
386 0.5173133083020443
387 0.5173133083020443
388 0.5173133083020443
389 0.5173133083020443
390 0.5173133083020443
391 0.5173133083020443
392 0.5173133083020443
393 0.5173133083020443
394 0.5173133083020443
395 0.5173133083020443
396 0.5173133083020443
397 0.5173133083020443
398 0.5173133083020443
399 0.5173133083020443
400 0.5173133083020443
401 0.5173133083020443
402 0.5173133083020443
403 0.5173133083020443
404 0.5173133083020443
405 0.5173133083020443
406 0.5173133083020443
407 0.5173133083020443
408 0.5173133083020443
409 0.5173133083020443
410 0.5173133083020443
411 0.5173133083020443
412 0.5173133083020443
413 0.5173133083020443
414 0.5173133083020443
415 0.5173133083020443
416 0.5173133083020443
417 0.5173133083020443
418 0.5173133083020443
419 0.5173133083020443
420 0.5173133083020443
421 0.5173133083020443
422 0.5173133083020443
423 0.5173133083020443
424 0.5173133083020443
425 0.5173133083020443
426 0.5173133083020443
427 0.5173133083020443
428 0.5173133083020443
429 0.5173133083020443
430 0.5173133083020443
431 0.5173133083020443
432 0.5173133083020443
433 0.5173133083020443
434 0.5173133083020443
435 0.5173133083020443
436 0.5173133083020443
437 0.5173133083020443
438 0.5173133083020443
439 0.5173133083020443
440 0.5173133083020443
441 0.5173133083020443
442 0.5173133083020443
443 0.5173133083020443
444 0.5173133083020443
445 0.5173133083020443
446 0.5173133083020443
447 0.5173133083020443
448 0.5173133083020443
449 0.5173133083020443
450 0.5173133083020443
451 0.5173133083020443
452 0.5173133083020443
453 0.5173133083020443
454 0.5173133083020443
455 0.5173133083020443
456 0.5173133083020443
457 0.5173133083020443
458 0.5173133083020443
459 0.5173133083020443
460 0.5173133083020443
461 0.5173133083020443
462 0.5173133083020443
463 0.5173133083020443
464 0.5173133083020443
465 0.5173133083020443
466 0.5173133083020443
467 0.5173133083020443
468 0.5173133083020443
469 0.5173133083020443
470 0.5173133083020443
471 0.5173133083020443
472 0.5173133083020443
473 0.5173133083020443
474 0.5173133083020443
475 0.5173133083020443
476 0.5173133083020443
477 0.5173133083020443
478 0.5173133083020443
479 0.5173133083020443
480 0.5173133083020443
481 0.5173133083020443
482 0.5173133083020443
483 0.5173133083020443
484 0.5173133083020443
485 0.5173133083020443
486 0.5173133083020443
487 0.5173133083020443
488 0.5173133083020443
489 0.5173133083020443
490 0.5173133083020443
491 0.5173133083020443
492 0.5173133083020443
493 0.5173133083020443
494 0.5173133083020443
495 0.5173133083020443
496 0.5173133083020443
497 0.5173133083020443
498 0.5173133083020443
499 0.5173133083020443
500 0.5173133083020443
501 0.5173133083020443
502 0.5173133083020443
503 0.5173133083020443
504 0.5173133083020443
505 0.5173133083020443
506 0.5173133083020443
507 0.5173133083020443
508 0.5173133083020443
509 0.5173133083020443
510 0.5173133083020443
511 0.5173133083020443
512 0.5173133083020443
513 0.5173133083020443
514 0.5173133083020443
515 0.5173133083020443
516 0.5173133083020443
517 0.5173133083020443
518 0.5173133083020443
519 0.5173133083020443
520 0.5173133083020443
521 0.5173133083020443
522 0.5173133083020443
523 0.5173133083020443
524 0.5173133083020443
525 0.5173133083020443
526 0.5173133083020443
527 0.5173133083020443
528 0.5173133083020443
529 0.5173133083020443
530 0.5173133083020443
531 0.5173133083020443
532 0.5173133083020443
533 0.5173133083020443
534 0.5173133083020443
535 0.5173133083020443
536 0.5173133083020443
537 0.5173133083020443
538 0.5173133083020443
539 0.5173133083020443
540 0.5173133083020443
541 0.5173133083020443
542 0.5173133083020443
543 0.5173133083020443
544 0.5173133083020443
545 0.5173133083020443
546 0.5173133083020443
547 0.5173133083020443
548 0.5173133083020443
549 0.5173133083020443
550 0.5173133083020443
551 0.5173133083020443
552 0.5173133083020443
553 0.5173133083020443
554 0.5173133083020443
555 0.5173133083020443
556 0.5173133083020443
557 0.5173133083020443
558 0.5173133083020443
559 0.5173133083020443
560 0.5173133083020443
561 0.5173133083020443
562 0.5173133083020443
563 0.5173133083020443
564 0.5173133083020443
565 0.5173133083020443
566 0.5173133083020443
567 0.5173133083020443
568 0.5173133083020443
569 0.5173133083020443
570 0.5173133083020443
571 0.5173133083020443
572 0.5173133083020443
573 0.5173133083020443
574 0.5173133083020443
575 0.5173133083020443
576 0.5173133083020443
577 0.5173133083020443
578 0.5173133083020443
579 0.5173133083020443
580 0.5173133083020443
581 0.5173133083020443
582 0.5173133083020443
583 0.5173133083020443
584 0.5173133083020443
585 0.5173133083020443
586 0.5173133083020443
587 0.5173133083020443
588 0.5173133083020443
589 0.5173133083020443
590 0.5173133083020443
591 0.5173133083020443
592 0.5173133083020443
593 0.5173133083020443
594 0.5173133083020443
595 0.5173133083020443
596 0.5173133083020443
597 0.5173133083020443
598 0.5173133083020443
599 0.5173133083020443
600 0.5173133083020443
601 0.5173133083020443
602 0.5173133083020443
603 0.5173133083020443
604 0.5173133083020443
605 0.5173133083020443
606 0.5173133083020443
607 0.5173133083020443
608 0.5173133083020443
609 0.5173133083020443
610 0.5173133083020443
611 0.5173133083020443
612 0.5173133083020443
613 0.5173133083020443
614 0.5173133083020443
615 0.5173133083020443
616 0.5173133083020443
617 0.5173133083020443
618 0.5173133083020443
619 0.5173133083020443
620 0.5173133083020443
621 0.5173133083020443
622 0.5173133083020443
623 0.5173133083020443
624 0.5173133083020443
625 0.5173133083020443
626 0.5173133083020443
627 0.5173133083020443
628 0.5173133083020443
629 0.5173133083020443
630 0.5173133083020443
631 0.5173133083020443
632 0.5173133083020443
633 0.5173133083020443
634 0.5173133083020443
635 0.5173133083020443
636 0.5173133083020443
637 0.5173133083020443
638 0.5173133083020443
639 0.5173133083020443
640 0.5173133083020443
641 0.5173133083020443
642 0.5173133083020443
643 0.5173133083020443
644 0.5173133083020443
645 0.5173133083020443
646 0.5173133083020443
647 0.5173133083020443
648 0.5173133083020443
649 0.5173133083020443
650 0.5173133083020443
651 0.5173133083020443
652 0.5173133083020443
653 0.5173133083020443
654 0.5173133083020443
655 0.5173133083020443
656 0.5173133083020443
657 0.5173133083020443
658 0.5173133083020443
659 0.5173133083020443
660 0.5173133083020443
661 0.5173133083020443
662 0.5173133083020443
663 0.5173133083020443
664 0.5173133083020443
665 0.5173133083020443
666 0.5173133083020443
667 0.5173133083020443
668 0.5173133083020443
669 0.5173133083020443
670 0.5173133083020443
671 0.5173133083020443
672 0.5173133083020443
673 0.5173133083020443
674 0.5173133083020443
675 0.5173133083020443
676 0.5173133083020443
677 0.5173133083020443
678 0.5173133083020443
679 0.5173133083020443
680 0.5173133083020443
681 0.5173133083020443
682 0.5173133083020443
683 0.5173133083020443
684 0.5173133083020443
685 0.5173133083020443
686 0.5173133083020443
687 0.5173133083020443
688 0.5173133083020443
689 0.5173133083020443
690 0.5173133083020443
691 0.5173133083020443
692 0.5173133083020443
693 0.5173133083020443
694 0.5173133083020443
695 0.5173133083020443
696 0.5173133083020443
697 0.5173133083020443
698 0.5173133083020443
699 0.5173133083020443
700 0.5173133083020443
701 0.5173133083020443
702 0.5173133083020443
703 0.5173133083020443
704 0.5173133083020443
705 0.5173133083020443
706 0.5173133083020443
707 0.5173133083020443
708 0.5173133083020443
709 0.5173133083020443
710 0.5173133083020443
711 0.5173133083020443
712 0.5173133083020443
713 0.5173133083020443
714 0.5173133083020443
715 0.5173133083020443
716 0.5173133083020443
717 0.5173133083020443
718 0.5173133083020443
719 0.5173133083020443
720 0.5173133083020443
721 0.5173133083020443
722 0.5173133083020443
723 0.5173133083020443
724 0.5173133083020443
725 0.5173133083020443
726 0.5173133083020443
727 0.5173133083020443
728 0.5173133083020443
729 0.5173133083020443
730 0.5173133083020443
731 0.5173133083020443
732 0.5173133083020443
733 0.5173133083020443
734 0.5173133083020443
735 0.5173133083020443
736 0.5173133083020443
737 0.5173133083020443
738 0.5173133083020443
739 0.5173133083020443
740 0.5173133083020443
741 0.5173133083020443
742 0.5173133083020443
743 0.5173133083020443
744 0.5173133083020443
745 0.5173133083020443
746 0.5173133083020443
747 0.5173133083020443
748 0.5173133083020443
749 0.5173133083020443
750 0.5173133083020443
751 0.5173133083020443
752 0.5173133083020443
753 0.5173133083020443
754 0.5173133083020443
755 0.5173133083020443
756 0.5173133083020443
757 0.5173133083020443
758 0.5173133083020443
759 0.5173133083020443
760 0.5173133083020443
761 0.5173133083020443
762 0.5173133083020443
763 0.5173133083020443
764 0.5173133083020443
765 0.5173133083020443
766 0.5173133083020443
767 0.5173133083020443
768 0.5173133083020443
769 0.5173133083020443
770 0.5173133083020443
771 0.5173133083020443
772 0.5173133083020443
773 0.5173133083020443
774 0.5173133083020443
775 0.5173133083020443
776 0.5173133083020443
777 0.5173133083020443
778 0.5173133083020443
779 0.5173133083020443
780 0.5173133083020443
781 0.5173133083020443
782 0.5173133083020443
783 0.5173133083020443
784 0.5173133083020443
785 0.5173133083020443
786 0.5173133083020443
787 0.5173133083020443
788 0.5173133083020443
789 0.5173133083020443
790 0.5173133083020443
791 0.5173133083020443
792 0.5173133083020443
793 0.5173133083020443
794 0.5173133083020443
795 0.5173133083020443
796 0.5173133083020443
797 0.5173133083020443
798 0.5173133083020443
799 0.5173133083020443
800 0.5173133083020443
801 0.5173133083020443
802 0.5173133083020443
803 0.5173133083020443
804 0.5173133083020443
805 0.5173133083020443
806 0.5173133083020443
807 0.5173133083020443
808 0.5173133083020443
809 0.5173133083020443
810 0.5173133083020443
811 0.5173133083020443
812 0.5173133083020443
813 0.5173133083020443
814 0.5173133083020443
815 0.5173133083020443
816 0.5173133083020443
817 0.5173133083020443
818 0.5173133083020443
819 0.5173133083020443
820 0.5173133083020443
821 0.5173133083020443
822 0.5173133083020443
823 0.5173133083020443
824 0.5173133083020443
825 0.5173133083020443
826 0.5173133083020443
827 0.5173133083020443
828 0.5173133083020443
829 0.5173133083020443
830 0.5173133083020443
831 0.5173133083020443
832 0.5173133083020443
833 0.5173133083020443
834 0.5173133083020443
835 0.5173133083020443
836 0.5173133083020443
837 0.5173133083020443
838 0.5173133083020443
839 0.5173133083020443
840 0.5173133083020443
841 0.5173133083020443
842 0.5173133083020443
843 0.5173133083020443
844 0.5173133083020443
845 0.5173133083020443
846 0.5173133083020443
847 0.5173133083020443
848 0.5173133083020443
849 0.5173133083020443
850 0.5173133083020443
851 0.5173133083020443
852 0.5173133083020443
853 0.5173133083020443
854 0.5173133083020443
855 0.5173133083020443
856 0.5173133083020443
857 0.5173133083020443
858 0.5173133083020443
859 0.5173133083020443
860 0.5173133083020443
861 0.5173133083020443
862 0.5173133083020443
863 0.5173133083020443
864 0.5173133083020443
865 0.5173133083020443
866 0.5173133083020443
867 0.5173133083020443
868 0.5173133083020443
869 0.5173133083020443
870 0.5173133083020443
871 0.5173133083020443
872 0.5173133083020443
873 0.5173133083020443
874 0.5173133083020443
875 0.5173133083020443
876 0.5173133083020443
877 0.5173133083020443
878 0.5173133083020443
879 0.5173133083020443
880 0.5173133083020443
881 0.5173133083020443
882 0.5173133083020443
883 0.5173133083020443
884 0.5173133083020443
885 0.5173133083020443
886 0.5173133083020443
887 0.5173133083020443
888 0.5173133083020443
889 0.5173133083020443
890 0.5173133083020443
891 0.5173133083020443
892 0.5173133083020443
893 0.5173133083020443
894 0.5173133083020443
895 0.5173133083020443
896 0.5173133083020443
897 0.5173133083020443
898 0.5173133083020443
899 0.5173133083020443
900 0.5173133083020443
901 0.5173133083020443
902 0.5173133083020443
903 0.5173133083020443
904 0.5173133083020443
905 0.5173133083020443
906 0.5173133083020443
907 0.5173133083020443
908 0.5173133083020443
909 0.5173133083020443
910 0.5173133083020443
911 0.5173133083020443
912 0.5173133083020443
913 0.5173133083020443
914 0.5173133083020443
915 0.5173133083020443
916 0.5173133083020443
917 0.5173133083020443
918 0.5173133083020443
919 0.5173133083020443
920 0.5173133083020443
921 0.5173133083020443
922 0.5173133083020443
923 0.5173133083020443
924 0.5173133083020443
925 0.5173133083020443
926 0.5173133083020443
927 0.5173133083020443
928 0.5173133083020443
929 0.5173133083020443
930 0.5173133083020443
931 0.5173133083020443
932 0.5173133083020443
933 0.5173133083020443
934 0.5173133083020443
935 0.5173133083020443
936 0.5173133083020443
937 0.5173133083020443
938 0.5173133083020443
939 0.5173133083020443
940 0.5173133083020443
941 0.5173133083020443
942 0.5173133083020443
943 0.5173133083020443
944 0.5173133083020443
945 0.5173133083020443
946 0.5173133083020443
947 0.5173133083020443
948 0.5173133083020443
949 0.5173133083020443
950 0.5173133083020443
951 0.5173133083020443
952 0.5173133083020443
953 0.5173133083020443
954 0.5173133083020443
955 0.5173133083020443
956 0.5173133083020443
957 0.5173133083020443
958 0.5173133083020443
959 0.5173133083020443
960 0.5173133083020443
961 0.5173133083020443
962 0.5173133083020443
963 0.5173133083020443
964 0.5173133083020443
965 0.5173133083020443
966 0.5173133083020443
967 0.5173133083020443
968 0.5173133083020443
969 0.5173133083020443
970 0.5173133083020443
971 0.5173133083020443
972 0.5173133083020443
973 0.5173133083020443
974 0.5173133083020443
975 0.5173133083020443
976 0.5173133083020443
977 0.5173133083020443
978 0.5173133083020443
979 0.5173133083020443
980 0.5173133083020443
981 0.5173133083020443
982 0.5173133083020443
983 0.5173133083020443
984 0.5173133083020443
985 0.5173133083020443
986 0.5173133083020443
987 0.5173133083020443
988 0.5173133083020443
989 0.5173133083020443
990 0.5173133083020443
991 0.5173133083020443
992 0.5173133083020443
993 0.5173133083020443
994 0.5173133083020443
995 0.5173133083020443
996 0.5173133083020443
997 0.5173133083020443
998 0.5173133083020443
999 0.5173133083020443
