1 0.50683145598665
2 0.5071443471005423
3 0.5079265748852733
4 0.5099082186065915
5 0.5104297037964122
6 0.5110554860241969
7 0.5116291197329996
8 0.5116291197329996
9 0.5122549019607843
10 0.5125677930746767
11 0.5131935753024615
12 0.5134543178973717
13 0.513767209011264
14 0.5141843971631206
15 0.5143408427200667
16 0.5148101793909053
17 0.5151230705047977
18 0.5152273675427618
19 0.5156967042136004
20 0.5158010012515645
21 0.5160617438464747
22 0.5162181894034209
23 0.5164267834793492
24 0.5167918231122236
25 0.5170004171881518
26 0.5174176053400084
27 0.5179912390488111
28 0.5179912390488111
29 0.5183562786816854
30 0.5186170212765957
31 0.5190863579474343
32 0.5193471005423446
33 0.5197642886942011
34 0.5201293283270755
35 0.5201293283270755
36 0.5207029620358782
37 0.5210680016687526
38 0.5212244472256988
39 0.5215373383395911
40 0.5217980809345014
41 0.5223717146433041
42 0.523101793909053
43 0.5235189820609095
44 0.5238840216937839
45 0.5243533583646225
46 0.5250312891113892
47 0.5254484772632457
48 0.5258135168961201
49 0.5258135168961201
50 0.5258135168961201
51 0.5261785565289946
52 0.5264392991239049
53 0.526595744680851
54 0.5268043387567793
55 0.5269607843137255
56 0.5272736754276178
57 0.5275344180225282
58 0.5278994576554026
59 0.5283687943262412
60 0.5286816854401335
61 0.52909887359199
62 0.5293596161869003
63 0.529933249895703
64 0.5304547350855235
65 0.5304547350855235
66 0.530819774718398
67 0.5312891113892365
68 0.5314977054651648
69 0.5319148936170213
70 0.5321756362119315
71 0.5323320817688778
72 0.5326971214017522
73 0.5330621610346267
74 0.533375052148519
75 0.5337400917813934
76 0.5339486858573217
77 0.5339486858573217
78 0.5340008343763037
79 0.5343137254901961
80 0.5346266166040884
81 0.5346266166040884
82 0.5353045473508552
83 0.5358781810596579
84 0.5360346266166041
85 0.5363996662494785
86 0.5367125573633709
87 0.5373904881101377
88 0.5373904881101377
89 0.5375990821860659
90 0.5378598247809763
91 0.5379641218189404
92 0.5383291614518148
93 0.5386942010846892
94 0.5388506466416354
95 0.5389549436795995
96 0.5394242803504381
97 0.5394764288694202
98 0.5395807259073843
99 0.5398414685022945
100 0.5399979140592407
101 0.5404672507300793
102 0.5406236962870254
103 0.5407801418439716
104 0.5413537755527743
105 0.5416666666666666
106 0.5416666666666666
107 0.541927409261577
108 0.5422403003754693
109 0.5423445974134334
110 0.5430746766791823
111 0.5431789737171464
112 0.5432832707551105
113 0.5439612015018773
114 0.5441176470588235
115 0.5442740926157698
116 0.5446391322486441
117 0.5448998748435544
118 0.5452649144764289
119 0.5452649144764289
120 0.545421360033375
121 0.5456821026282853
122 0.546255736337088
123 0.5465686274509803
124 0.5468815185648728
125 0.5472465581977471
126 0.5475073007926575
127 0.5478201919065498
128 0.5480809345014601
129 0.5482895285773884
130 0.5484459741343346
131 0.5484981226533167
132 0.5485502711722987
133 0.548811013767209
134 0.5490717563621194
135 0.5491760534000835
136 0.5491760534000835
137 0.5492282019190655
138 0.5494889445139758
139 0.5494889445139758
140 0.5495932415519399
141 0.5498018356278682
142 0.5499061326658323
143 0.5500104297037964
144 0.5501668752607426
145 0.5501668752607426
146 0.5504276178556529
147 0.5506883604505632
148 0.5508448060075094
149 0.5510534000834376
150 0.5517313308302044
151 0.5517834793491865
152 0.5518877763871506
153 0.5524092615769712
154 0.5528785982478097
155 0.553035043804756
156 0.5532957863996663
157 0.5535043804755945
158 0.5537651230705048
159 0.5541823112223613
160 0.5541823112223613
161 0.5544430538172715
162 0.5547037964121819
163 0.5550166875260742
164 0.5550166875260742
165 0.5550688360450563
166 0.5551209845640384
167 0.5551209845640384
168 0.5553295786399666
169 0.5554860241969128
170 0.5557989153108052
171 0.5557989153108052
172 0.5557989153108052
173 0.5560596579057154
174 0.5562682519816438
175 0.5569461827284106
176 0.5569461827284106
177 0.5571026282853567
178 0.5571026282853567
179 0.5573112223612849
180 0.5575719649561952
181 0.5576762619941593
182 0.5580413016270338
183 0.5583020442219441
184 0.5586149353358365
185 0.5588756779307468
186 0.559084272006675
187 0.5592407175636211
188 0.5592407175636211
189 0.5595536086775136
190 0.5595536086775136
191 0.5595536086775136
192 0.5596057571964956
193 0.5596057571964956
194 0.5598664997914059
195 0.5600229453483521
196 0.5600750938673341
197 0.5603358364622445
198 0.5604401335002086
199 0.5604922820191907
200 0.5605965790571548
201 0.560857321652065
202 0.5609616186900293
203 0.5611180642469754
204 0.5611180642469754
205 0.5613266583229036
206 0.5614831038798498
207 0.5615352523988318
208 0.5615352523988318
209 0.5615874009178139
210 0.561639549436796
211 0.561639549436796
212 0.5618481435127243
213 0.5620045890696704
214 0.5620045890696704
215 0.5622131831455986
216 0.5622653316645807
217 0.5624217772215269
218 0.5626303712974552
219 0.5629432624113475
220 0.5629432624113475
221 0.5631518564872757
222 0.5634125990821861
223 0.5634125990821861
224 0.5634125990821861
225 0.5636211931581143
226 0.5636733416770964
227 0.5637776387150605
228 0.5639340842720066
229 0.5640383813099707
230 0.5640383813099707
231 0.5642469753858991
232 0.5645598664997914
233 0.5645598664997914
234 0.5648727576136837
235 0.5648727576136837
236 0.5649770546516479
237 0.5655506883604505
238 0.5655506883604505
239 0.5656549853984146
240 0.5656549853984146
241 0.5661243220692532
242 0.5661243220692532
243 0.5664893617021277
244 0.5665415102211098
245 0.5668544013350021
246 0.5669065498539841
247 0.5669586983729662
248 0.5672194409678765
249 0.5675323320817689
250 0.567636629119733
251 0.5676887776387151
252 0.5680538172715894
253 0.5682624113475178
254 0.5682624113475178
255 0.5682624113475178
256 0.5683667083854819
257 0.5683667083854819
258 0.5683667083854819
259 0.5686274509803921
260 0.5687838965373383
261 0.5690446391322487
262 0.5690446391322487
263 0.569357530246141
264 0.569357530246141
265 0.5696182728410513
266 0.5697747183979975
267 0.5697747183979975
268 0.5699833124739258
269 0.570191906549854
270 0.570191906549854
271 0.570191906549854
272 0.570191906549854
273 0.570191906549854
274 0.570191906549854
275 0.570191906549854
276 0.5704005006257822
277 0.5707655402586567
278 0.5707655402586567
279 0.5707655402586567
280 0.5709741343345849
281 0.5709741343345849
282 0.571078431372549
283 0.571078431372549
284 0.571130579891531
285 0.571130579891531
286 0.5711827284105131
287 0.5711827284105131
288 0.5712870254484773
289 0.5712870254484773
290 0.5713913224864414
291 0.5716520650813517
292 0.5716520650813517
293 0.5716520650813517
294 0.5721735502711723
295 0.5723821443471006
296 0.5723821443471006
297 0.5723821443471006
298 0.5723821443471006
299 0.5723821443471006
300 0.5725907384230288
301 0.5726428869420108
302 0.5726950354609929
303 0.5726950354609929
304 0.5728514810179391
305 0.5729036295369212
306 0.5729036295369212
307 0.5734251147267417
308 0.5735294117647058
309 0.5735294117647058
310 0.5736858573216521
311 0.5738423028785983
312 0.5738423028785983
313 0.5738944513975803
314 0.5738944513975803
315 0.5741551939924906
316 0.5743116395494368
317 0.5743116395494368
318 0.5744159365874009
319 0.574468085106383
320 0.5747809762202754
321 0.5750938673341677
322 0.575250312891114
323 0.575250312891114
324 0.575354609929078
325 0.575354609929078
326 0.575354609929078
327 0.575354609929078
328 0.575354609929078
329 0.575354609929078
330 0.575354609929078
331 0.5754589069670422
332 0.5754589069670422
333 0.5755110554860242
334 0.5755632040050063
335 0.5755632040050063
336 0.5756153525239883
337 0.5758239465999165
338 0.5758760951188986
339 0.5759282436378806
340 0.5759282436378806
341 0.5759282436378806
342 0.5760325406758448
343 0.5760846891948269
344 0.5763454317897372
345 0.5763975803087192
346 0.5764497288277013
347 0.5764497288277013
348 0.5764497288277013
349 0.5765540258656654
350 0.5765540258656654
351 0.5765540258656654
352 0.5765540258656654
353 0.5766583229036295
354 0.5769712140175219
355 0.5772319566124322
356 0.5772319566124322
357 0.5772319566124322
358 0.5772319566124322
359 0.5772319566124322
360 0.5772841051314143
361 0.5772841051314143
362 0.5772841051314143
363 0.5773884021693784
364 0.5775448477263245
365 0.5775448477263245
366 0.5776491447642887
367 0.577857738840217
368 0.577857738840217
369 0.577857738840217
370 0.577857738840217
371 0.5779620358781811
372 0.5780141843971631
373 0.5780663329161452
374 0.5780663329161452
375 0.5780663329161452
376 0.5780663329161452
377 0.5780663329161452
378 0.5780663329161452
379 0.5782749269920734
380 0.5782749269920734
381 0.5782749269920734
382 0.5785878181059658
383 0.5785878181059658
384 0.578744263662912
385 0.5789007092198581
386 0.5789528577388402
387 0.5790571547768043
388 0.5791093032957864
389 0.5791093032957864
390 0.5791093032957864
391 0.5792136003337505
392 0.5792136003337505
393 0.5792136003337505
394 0.5792136003337505
395 0.5792136003337505
396 0.5792136003337505
397 0.5792136003337505
398 0.5792136003337505
399 0.5792136003337505
400 0.5792136003337505
401 0.5792136003337505
402 0.5793178973717147
403 0.5793700458906967
404 0.5793700458906967
405 0.5793700458906967
406 0.5797872340425532
407 0.5797872340425532
408 0.5797872340425532
409 0.5797872340425532
410 0.5797872340425532
411 0.5798915310805173
412 0.5798915310805173
413 0.5798915310805173
414 0.5798915310805173
415 0.5798915310805173
416 0.5799958281184814
417 0.5799958281184814
418 0.5803608677513559
419 0.5803608677513559
420 0.5803608677513559
421 0.580517313308302
422 0.580517313308302
423 0.5805694618272841
424 0.5808823529411765
425 0.5810387984981227
426 0.5810387984981227
427 0.5810387984981227
428 0.5810387984981227
429 0.5812473925740509
430 0.5812473925740509
431 0.5812473925740509
432 0.581403838130997
433 0.5815081351689612
434 0.5815602836879432
435 0.5815602836879432
436 0.5817167292448895
437 0.5818210262828536
438 0.5818210262828536
439 0.5818210262828536
440 0.5818210262828536
441 0.5818210262828536
442 0.5818210262828536
443 0.5819774718397998
444 0.5819774718397998
445 0.5819774718397998
446 0.5819774718397998
447 0.5819774718397998
448 0.5819774718397998
449 0.5819774718397998
450 0.5819774718397998
451 0.5819774718397998
452 0.5820296203587818
453 0.5821339173967459
454 0.5821339173967459
455 0.5821339173967459
456 0.58223821443471
457 0.5823425114726741
458 0.5823425114726741
459 0.5823425114726741
460 0.5824468085106383
461 0.5824468085106383
462 0.5824468085106383
463 0.5824468085106383
464 0.5825511055486025
465 0.5825511055486025
466 0.5825511055486025
467 0.5825511055486025
468 0.5825511055486025
469 0.5825511055486025
470 0.5825511055486025
471 0.5826554025865666
472 0.5826554025865666
473 0.5828118481435127
474 0.5828118481435127
475 0.5830204422194409
476 0.5830204422194409
477 0.5830204422194409
478 0.5830204422194409
479 0.5830204422194409
480 0.5830204422194409
481 0.5830204422194409
482 0.5830204422194409
483 0.5830204422194409
484 0.5830204422194409
485 0.5830204422194409
486 0.5830204422194409
487 0.5830204422194409
488 0.5830204422194409
489 0.583124739257405
490 0.583124739257405
491 0.583124739257405
492 0.5831768877763871
493 0.5831768877763871
494 0.5832290362953693
495 0.5832290362953693
496 0.5832290362953693
497 0.5832290362953693
498 0.5832290362953693
499 0.5832811848143513
500 0.5832811848143513
501 0.5833854818523154
502 0.5833854818523154
503 0.5834897788902795
504 0.5835419274092616
505 0.5835419274092616
506 0.5835940759282436
507 0.5835940759282436
508 0.5835940759282436
509 0.5835940759282436
510 0.5835940759282436
511 0.5835940759282436
512 0.5835940759282436
513 0.5835940759282436
514 0.5836983729662077
515 0.5836983729662077
516 0.5836983729662077
517 0.5836983729662077
518 0.5836983729662077
519 0.5836983729662077
520 0.5836983729662077
521 0.5836983729662077
522 0.5836983729662077
523 0.5836983729662077
524 0.583906967042136
525 0.583906967042136
526 0.583906967042136
527 0.583959115561118
528 0.5841155611180643
529 0.5842198581560284
530 0.5842720066750104
531 0.5842720066750104
532 0.5843241551939925
533 0.5843763037129746
534 0.5843763037129746
535 0.5843763037129746
536 0.5844284522319566
537 0.5844284522319566
538 0.5844284522319566
539 0.5844284522319566
540 0.5844284522319566
541 0.5844284522319566
542 0.5844284522319566
543 0.5844284522319566
544 0.5844284522319566
545 0.5844284522319566
546 0.5844284522319566
547 0.5844806007509387
548 0.5844806007509387
549 0.5844806007509387
550 0.5844806007509387
551 0.5844806007509387
552 0.5844806007509387
553 0.5846891948268669
554 0.5846891948268669
555 0.5846891948268669
556 0.5846891948268669
557 0.5846891948268669
558 0.5846891948268669
559 0.5846891948268669
560 0.5847413433458489
561 0.5847413433458489
562 0.5847413433458489
563 0.5847934918648311
564 0.5848977889027952
565 0.5848977889027952
566 0.5848977889027952
567 0.5848977889027952
568 0.5850020859407593
569 0.5850020859407593
570 0.5850020859407593
571 0.5850020859407593
572 0.5850542344597414
573 0.5850542344597414
574 0.5850542344597414
575 0.5850542344597414
576 0.5850542344597414
577 0.5850542344597414
578 0.5850542344597414
579 0.5850542344597414
580 0.5852628285356696
581 0.5852628285356696
582 0.5852628285356696
583 0.5852628285356696
584 0.5852628285356696
585 0.5852628285356696
586 0.5852628285356696
587 0.5852628285356696
588 0.5852628285356696
589 0.5852628285356696
590 0.5853149770546516
591 0.5853149770546516
592 0.5853671255736337
593 0.5853671255736337
594 0.5853671255736337
595 0.5854714226115978
596 0.5855235711305798
597 0.5855235711305798
598 0.5855235711305798
599 0.5855235711305798
600 0.5856800166875261
601 0.5858364622444723
602 0.5858364622444723
603 0.5858364622444723
604 0.5858364622444723
605 0.5858364622444723
606 0.5860450563204005
607 0.5860450563204005
608 0.5860450563204005
609 0.5860450563204005
610 0.5860450563204005
611 0.5860450563204005
612 0.5861493533583646
613 0.5862536503963287
614 0.5863057989153108
615 0.5863057989153108
616 0.5863057989153108
617 0.5863057989153108
618 0.5863057989153108
619 0.5863057989153108
620 0.5863057989153108
621 0.5863579474342928
622 0.5863579474342928
623 0.5863579474342928
624 0.5863579474342928
625 0.5863579474342928
626 0.5863579474342928
627 0.5863579474342928
628 0.5865143929912391
629 0.5865143929912391
630 0.5866186900292032
631 0.5866708385481852
632 0.5866708385481852
633 0.5866708385481852
634 0.5866708385481852
635 0.5866708385481852
636 0.5866708385481852
637 0.5866708385481852
638 0.5866708385481852
639 0.5866708385481852
640 0.5866708385481852
641 0.5866708385481852
642 0.5866708385481852
643 0.5867229870671673
644 0.5867229870671673
645 0.5867229870671673
646 0.5867229870671673
647 0.5867229870671673
648 0.5867229870671673
649 0.5867229870671673
650 0.5867229870671673
651 0.5867229870671673
652 0.5870880267000417
653 0.5870880267000417
654 0.5870880267000417
655 0.5870880267000417
656 0.5870880267000417
657 0.5870880267000417
658 0.5871401752190237
659 0.5871923237380059
660 0.5871923237380059
661 0.5871923237380059
662 0.5871923237380059
663 0.5871923237380059
664 0.5871923237380059
665 0.5871923237380059
666 0.5871923237380059
667 0.587244472256988
668 0.587244472256988
669 0.587244472256988
670 0.587244472256988
671 0.587244472256988
672 0.5873487692949521
673 0.5873487692949521
674 0.5874009178139341
675 0.5875052148518982
676 0.5875052148518982
677 0.5875052148518982
678 0.5875052148518982
679 0.5875052148518982
680 0.5876095118898623
681 0.5876095118898623
682 0.5876095118898623
683 0.5876095118898623
684 0.5876095118898623
685 0.5876095118898623
686 0.5876095118898623
687 0.5876095118898623
688 0.5877659574468085
689 0.5877659574468085
690 0.5877659574468085
691 0.5877659574468085
692 0.5877659574468085
693 0.5877659574468085
694 0.5878181059657905
695 0.5878181059657905
696 0.5878181059657905
697 0.5878181059657905
698 0.5879224030037546
699 0.5879745515227367
700 0.5879745515227367
701 0.5879745515227367
702 0.5880267000417189
703 0.5880267000417189
704 0.5880267000417189
705 0.5880267000417189
706 0.5880267000417189
707 0.5880788485607009
708 0.5880788485607009
709 0.5880788485607009
710 0.5880788485607009
711 0.5880788485607009
712 0.5880788485607009
713 0.5880788485607009
714 0.5880788485607009
715 0.588183145598665
716 0.588183145598665
717 0.588183145598665
718 0.588183145598665
719 0.588183145598665
720 0.5882874426366291
721 0.5882874426366291
722 0.5883917396745932
723 0.5883917396745932
724 0.5883917396745932
725 0.5883917396745932
726 0.5883917396745932
727 0.5883917396745932
728 0.5883917396745932
729 0.5883917396745932
730 0.5883917396745932
731 0.5883917396745932
732 0.5883917396745932
733 0.5883917396745932
734 0.5883917396745932
735 0.5883917396745932
736 0.5883917396745932
737 0.5883917396745932
738 0.5883917396745932
739 0.5883917396745932
740 0.5883917396745932
741 0.5883917396745932
742 0.5883917396745932
743 0.5884438881935753
744 0.5884438881935753
745 0.5884438881935753
746 0.5884438881935753
747 0.5884438881935753
748 0.5884438881935753
749 0.5884438881935753
750 0.5884438881935753
751 0.5884438881935753
752 0.5884438881935753
753 0.5884960367125573
754 0.5884960367125573
755 0.5884960367125573
756 0.5884960367125573
757 0.5884960367125573
758 0.5884960367125573
759 0.5884960367125573
760 0.5884960367125573
761 0.5885481852315394
762 0.5885481852315394
763 0.5885481852315394
764 0.5885481852315394
765 0.5886524822695035
766 0.5886524822695035
767 0.5886524822695035
768 0.5886524822695035
769 0.5886524822695035
770 0.5886524822695035
771 0.5886524822695035
772 0.5886524822695035
773 0.5886524822695035
774 0.5886524822695035
775 0.5886524822695035
776 0.5886524822695035
777 0.5886524822695035
778 0.5886524822695035
779 0.5887046307884856
780 0.5887046307884856
781 0.5888610763454318
782 0.5888610763454318
783 0.5888610763454318
784 0.5888610763454318
785 0.5888610763454318
786 0.5889653733833959
787 0.5891218189403421
788 0.5891218189403421
789 0.5891218189403421
790 0.5891218189403421
791 0.5891218189403421
792 0.5891218189403421
793 0.5891218189403421
794 0.5891218189403421
795 0.5892782644972883
796 0.5892782644972883
797 0.5892782644972883
798 0.5892782644972883
799 0.5892782644972883
800 0.5892782644972883
801 0.5892782644972883
802 0.5892782644972883
803 0.5892782644972883
804 0.5892782644972883
805 0.5893304130162703
806 0.5893304130162703
807 0.5893304130162703
808 0.5893304130162703
809 0.5893304130162703
810 0.5893304130162703
811 0.5893304130162703
812 0.5893304130162703
813 0.5893304130162703
814 0.5893304130162703
815 0.5893304130162703
816 0.5893304130162703
817 0.5893304130162703
818 0.5893304130162703
819 0.5893304130162703
820 0.5893304130162703
821 0.5893304130162703
822 0.5893304130162703
823 0.5893304130162703
824 0.5894868585732165
825 0.5894868585732165
826 0.5894868585732165
827 0.5894868585732165
828 0.5895911556111807
829 0.5895911556111807
830 0.5895911556111807
831 0.5895911556111807
832 0.5895911556111807
833 0.5895911556111807
834 0.5895911556111807
835 0.5895911556111807
836 0.5895911556111807
837 0.5895911556111807
838 0.5895911556111807
839 0.5895911556111807
840 0.5895911556111807
841 0.5896954526491448
842 0.5896954526491448
843 0.5896954526491448
844 0.5896954526491448
845 0.5897476011681269
846 0.5897476011681269
847 0.589904046725073
848 0.589904046725073
849 0.589904046725073
850 0.589904046725073
851 0.589904046725073
852 0.589904046725073
853 0.589904046725073
854 0.589904046725073
855 0.589904046725073
856 0.589904046725073
857 0.589904046725073
858 0.589904046725073
859 0.589904046725073
860 0.589904046725073
861 0.589904046725073
862 0.589904046725073
863 0.589904046725073
864 0.5900083437630371
865 0.5900083437630371
866 0.5900083437630371
867 0.5900083437630371
868 0.5900083437630371
869 0.5901647893199833
870 0.5901647893199833
871 0.5901647893199833
872 0.5901647893199833
873 0.5902690863579474
874 0.5902690863579474
875 0.5902690863579474
876 0.5902690863579474
877 0.5902690863579474
878 0.5902690863579474
879 0.5902690863579474
880 0.5905819774718398
881 0.5905819774718398
882 0.5906341259908219
883 0.5906862745098039
884 0.5906862745098039
885 0.5906862745098039
886 0.5906862745098039
887 0.5906862745098039
888 0.590790571547768
889 0.590790571547768
890 0.590790571547768
891 0.5908427200667501
892 0.5908427200667501
893 0.5908948685857321
894 0.5909470171047142
895 0.5909470171047142
896 0.5909470171047142
897 0.5910513141426783
898 0.5910513141426783
899 0.5910513141426783
900 0.5910513141426783
901 0.5910513141426783
902 0.5910513141426783
903 0.5910513141426783
904 0.5910513141426783
905 0.5910513141426783
906 0.5910513141426783
907 0.5910513141426783
908 0.5910513141426783
909 0.5910513141426783
910 0.5912599082186066
911 0.5912599082186066
912 0.5912599082186066
913 0.5912599082186066
914 0.5912599082186066
915 0.5912599082186066
916 0.5912599082186066
917 0.5912599082186066
918 0.5912599082186066
919 0.5912599082186066
920 0.5912599082186066
921 0.5912599082186066
922 0.5912599082186066
923 0.5912599082186066
924 0.5912599082186066
925 0.5912599082186066
926 0.5912599082186066
927 0.5912599082186066
928 0.5912599082186066
929 0.5912599082186066
930 0.5912599082186066
931 0.5912599082186066
932 0.5912599082186066
933 0.5912599082186066
934 0.5912599082186066
935 0.5912599082186066
936 0.5912599082186066
937 0.5912599082186066
938 0.5912599082186066
939 0.5912599082186066
940 0.5912599082186066
941 0.5912599082186066
942 0.5912599082186066
943 0.5912599082186066
944 0.5912599082186066
945 0.5912599082186066
946 0.5912599082186066
947 0.5912599082186066
948 0.5912599082186066
949 0.5912599082186066
950 0.5913120567375887
951 0.5913120567375887
952 0.5913120567375887
953 0.5913120567375887
954 0.5913120567375887
955 0.5913120567375887
956 0.5913120567375887
957 0.5913120567375887
958 0.5913120567375887
959 0.5913120567375887
960 0.5913120567375887
961 0.5913120567375887
962 0.5913120567375887
963 0.5913120567375887
964 0.5913120567375887
965 0.5913120567375887
966 0.5913120567375887
967 0.5913120567375887
968 0.5913120567375887
969 0.5913120567375887
970 0.5913120567375887
971 0.5913120567375887
972 0.5913120567375887
973 0.5913120567375887
974 0.5913120567375887
975 0.5913120567375887
976 0.5913120567375887
977 0.5913120567375887
978 0.5913120567375887
979 0.5913120567375887
980 0.5913642052565707
981 0.5913642052565707
982 0.5913642052565707
983 0.5913642052565707
984 0.5914163537755528
985 0.5914163537755528
986 0.5914163537755528
987 0.5914163537755528
988 0.5914163537755528
989 0.5914163537755528
990 0.5914163537755528
991 0.5914163537755528
992 0.5914163537755528
993 0.5914163537755528
994 0.5914163537755528
995 0.5914163537755528
996 0.5914163537755528
997 0.5914163537755528
998 0.5914163537755528
999 0.5914163537755528
