1 0.5066228619107217
2 0.5066228619107217
3 0.5069879015435962
4 0.5071964956195244
5 0.5074572382144347
6 0.5081873174801835
7 0.5095431789737171
8 0.5096474760116813
9 0.5099603671255737
10 0.5101689612015019
11 0.5105861493533583
12 0.5114205256570713
13 0.5118377138089278
14 0.511994159365874
15 0.5125156445556946
16 0.5125156445556946
17 0.5127763871506049
18 0.5136107634543179
19 0.5138715060492282
20 0.5143929912390488
21 0.5146537338339591
22 0.5148101793909053
23 0.5149144764288694
24 0.5158531497705465
25 0.5165832290362954
26 0.5165832290362954
27 0.5168439716312057
28 0.5168439716312057
29 0.5171568627450981
30 0.5175219023779725
31 0.5184605757196495
32 0.5185648727576136
33 0.518773466833542
34 0.5188777638715061
35 0.5193471005423446
36 0.5196078431372549
37 0.5196078431372549
38 0.52049436795995
39 0.5210680016687526
40 0.521380892782645
41 0.521433041301627
42 0.5215373383395911
43 0.5215373383395911
44 0.5219545264914477
45 0.5223195661243221
46 0.5223717146433041
47 0.5224760116812682
48 0.5228410513141427
49 0.5229453483521068
50 0.5232582394659991
51 0.5234146850229453
52 0.5234146850229453
53 0.5237275761368377
54 0.5238318731748018
55 0.5241969128076762
56 0.5244576554025866
57 0.5246141009595328
58 0.524874843554443
59 0.5252398831873175
60 0.5252398831873175
61 0.525709219858156
62 0.5258656654151022
63 0.5261785565289946
64 0.5264392991239049
65 0.526595744680851
66 0.526595744680851
67 0.5272736754276178
68 0.5276908635794744
69 0.5276908635794744
70 0.5280559032123487
71 0.5285252398831873
72 0.5287338339591156
73 0.5289424280350438
74 0.5292031706299541
75 0.5293074676679183
76 0.5293596161869003
77 0.5294639132248644
78 0.5301418439716312
79 0.5307154776804339
80 0.5310283687943262
81 0.5311326658322904
82 0.5311326658322904
83 0.5313934084272006
84 0.5318627450980392
85 0.5321756362119315
86 0.5322799332498958
87 0.5324363788068419
88 0.5324363788068419
89 0.5325928243637881
90 0.5326449728827701
91 0.5331143095536087
92 0.5333229036295369
93 0.5333229036295369
94 0.533427200667501
95 0.5337400917813934
96 0.5337400917813934
97 0.5340008343763037
98 0.534209428452232
99 0.534261576971214
100 0.5348352106800167
101 0.5349916562369629
102 0.535148101793909
103 0.5357217355027117
104 0.5361389236545682
105 0.5361389236545682
106 0.5363475177304965
107 0.536869002920317
108 0.5371297455152274
109 0.5371297455152274
110 0.5375990821860659
111 0.53770337922403
112 0.537755527743012
113 0.5380684188569045
114 0.5384856070087609
115 0.5386420525657072
116 0.5390070921985816
117 0.5390070921985816
118 0.5392156862745098
119 0.5392156862745098
120 0.5394764288694202
121 0.5394764288694202
122 0.5397371714643304
123 0.5398414685022945
124 0.5399457655402586
125 0.5401022110972048
126 0.5403108051731331
127 0.5404672507300793
128 0.5406758448060075
129 0.5406758448060075
130 0.5408844388819357
131 0.5411973299958281
132 0.5411973299958281
133 0.5416145181476846
134 0.541875260742595
135 0.5422403003754693
136 0.5424488944513975
137 0.5426574885273259
138 0.5426574885273259
139 0.5430746766791823
140 0.5432311222361285
141 0.5435440133500209
142 0.543700458906967
143 0.5437526074259491
144 0.5439612015018773
145 0.5440133500208594
146 0.5442219440967877
147 0.5443262411347518
148 0.5443262411347518
149 0.5443262411347518
150 0.5446912807676262
151 0.5448477263245723
152 0.545421360033375
153 0.5455256570713392
154 0.5457863996662495
155 0.5457863996662495
156 0.5461514392991239
157 0.5463600333750521
158 0.5466207759699625
159 0.5466207759699625
160 0.5469858156028369
161 0.5469858156028369
162 0.5472465581977471
163 0.5475073007926575
164 0.5478723404255319
165 0.5478723404255319
166 0.5478723404255319
167 0.5478723404255319
168 0.547976637463496
169 0.5482373800584064
170 0.5482895285773884
171 0.5482895285773884
172 0.5483416770963705
173 0.5483416770963705
174 0.5485502711722987
175 0.548811013767209
176 0.5489674593241552
177 0.5491760534000835
178 0.5491760534000835
179 0.5491760534000835
180 0.5493846474760117
181 0.5493846474760117
182 0.549645390070922
183 0.5498539841468503
184 0.5498539841468503
185 0.5498539841468503
186 0.5498539841468503
187 0.5503233208176888
188 0.5503233208176888
189 0.5504797663746349
190 0.550531914893617
191 0.5508448060075094
192 0.5511055486024197
193 0.5513141426783479
194 0.55136629119733
195 0.55136629119733
196 0.5516791823112224
197 0.5518877763871506
198 0.5519399249061326
199 0.5523571130579892
200 0.5523571130579892
201 0.5523571130579892
202 0.5526178556528994
203 0.5529307467667918
204 0.5529307467667918
205 0.5531393408427201
206 0.5537651230705048
207 0.5537651230705048
208 0.5537651230705048
209 0.5537651230705048
210 0.5540780141843972
211 0.5540780141843972
212 0.5542866082603254
213 0.5542866082603254
214 0.5545994993742178
215 0.554755944931164
216 0.5551209845640384
217 0.5551209845640384
218 0.5557467667918231
219 0.5557467667918231
220 0.5557467667918231
221 0.5560075093867334
222 0.5560075093867334
223 0.5563204005006258
224 0.5563204005006258
225 0.5563204005006258
226 0.5569461827284106
227 0.5569461827284106
228 0.5569983312473926
229 0.5572069253233208
230 0.557415519399249
231 0.557415519399249
232 0.5575198164372132
233 0.5576241134751773
234 0.5577284105131415
235 0.5580934501460159
236 0.5580934501460159
237 0.5580934501460159
238 0.5580934501460159
239 0.5580934501460159
240 0.5581455986649979
241 0.5584063412599082
242 0.5586670838548186
243 0.5589278264497288
244 0.5589278264497288
245 0.5589278264497288
246 0.5593971631205674
247 0.5595014601585315
248 0.5600750938673341
249 0.5600750938673341
250 0.5601272423863163
251 0.5601272423863163
252 0.5602315394242804
253 0.5602315394242804
254 0.5602315394242804
255 0.5602315394242804
256 0.5604401335002086
257 0.5605444305381727
258 0.5605444305381727
259 0.5609094701710472
260 0.5609094701710472
261 0.5610137672090113
262 0.5611702127659575
263 0.5611702127659575
264 0.5612745098039216
265 0.5612745098039216
266 0.5614309553608677
267 0.5617438464747602
268 0.5617959949937422
269 0.5619002920317063
270 0.5621610346266166
271 0.5622131831455986
272 0.5622131831455986
273 0.5625260742594911
274 0.5625260742594911
275 0.5626303712974552
276 0.5628389653733834
277 0.5629954109303296
278 0.5629954109303296
279 0.5629954109303296
280 0.5629954109303296
281 0.5629954109303296
282 0.5632040050062578
283 0.5632040050062578
284 0.5634125990821861
285 0.5634125990821861
286 0.5635690446391323
287 0.5636733416770964
288 0.5636733416770964
289 0.5638819357530246
290 0.5638819357530246
291 0.5638819357530246
292 0.5638819357530246
293 0.5640383813099707
294 0.564194826866917
295 0.5642469753858991
296 0.5642469753858991
297 0.5642469753858991
298 0.5642991239048811
299 0.5645598664997914
300 0.5648206090947017
301 0.5653420942845223
302 0.5653420942845223
303 0.5653420942845223
304 0.5653942428035044
305 0.5653942428035044
306 0.5653942428035044
307 0.5655506883604505
308 0.5657071339173968
309 0.565915727993325
310 0.5663329161451814
311 0.5666979557780559
312 0.5666979557780559
313 0.5666979557780559
314 0.5666979557780559
315 0.5666979557780559
316 0.566750104297038
317 0.566750104297038
318 0.566750104297038
319 0.5670629954109303
320 0.5670629954109303
321 0.5671672924488944
322 0.5671672924488944
323 0.5671672924488944
324 0.5671672924488944
325 0.5673758865248227
326 0.567584480600751
327 0.567636629119733
328 0.567636629119733
329 0.567636629119733
330 0.5677930746766792
331 0.5677930746766792
332 0.5678452231956612
333 0.5678452231956612
334 0.5678452231956612
335 0.5678452231956612
336 0.5680016687526074
337 0.5680016687526074
338 0.5681581143095537
339 0.5683145598664998
340 0.5685753024614101
341 0.5685753024614101
342 0.5685753024614101
343 0.5686795994993742
344 0.5686795994993742
345 0.5687838965373383
346 0.5687838965373383
347 0.5687838965373383
348 0.5687838965373383
349 0.5687838965373383
350 0.5687838965373383
351 0.5688360450563203
352 0.5688360450563203
353 0.5688881935753025
354 0.5688881935753025
355 0.5688881935753025
356 0.5688881935753025
357 0.5692532332081769
358 0.5694618272841051
359 0.5694618272841051
360 0.5694618272841051
361 0.5696182728410513
362 0.5697747183979975
363 0.5697747183979975
364 0.5698790154359616
365 0.5698790154359616
366 0.5700354609929078
367 0.5700876095118899
368 0.570191906549854
369 0.570191906549854
370 0.570191906549854
371 0.570191906549854
372 0.570244055068836
373 0.570244055068836
374 0.570244055068836
375 0.570244055068836
376 0.570244055068836
377 0.570244055068836
378 0.570244055068836
379 0.570244055068836
380 0.5705047976637464
381 0.5705047976637464
382 0.5705047976637464
383 0.5705047976637464
384 0.5705047976637464
385 0.5706090947017105
386 0.5706090947017105
387 0.5706090947017105
388 0.571078431372549
389 0.571130579891531
390 0.5715477680433876
391 0.5715477680433876
392 0.5715477680433876
393 0.5715999165623696
394 0.5716520650813517
395 0.5716520650813517
396 0.5716520650813517
397 0.5716520650813517
398 0.5716520650813517
399 0.5716520650813517
400 0.571964956195244
401 0.5720692532332082
402 0.5720692532332082
403 0.5720692532332082
404 0.5720692532332082
405 0.5720692532332082
406 0.5720692532332082
407 0.5720692532332082
408 0.5724342928660826
409 0.5724342928660826
410 0.5724342928660826
411 0.5725385899040467
412 0.5725385899040467
413 0.5725385899040467
414 0.5725385899040467
415 0.5725385899040467
416 0.5726428869420108
417 0.5726950354609929
418 0.5726950354609929
419 0.572799332498957
420 0.572799332498957
421 0.572799332498957
422 0.572799332498957
423 0.5729557780559033
424 0.5729557780559033
425 0.5731122236128494
426 0.5732165206508135
427 0.5732165206508135
428 0.5732165206508135
429 0.5732165206508135
430 0.5732165206508135
431 0.5732165206508135
432 0.5732165206508135
433 0.5732165206508135
434 0.5732165206508135
435 0.5734772632457238
436 0.5734772632457238
437 0.5734772632457238
438 0.5734772632457238
439 0.5734772632457238
440 0.5734772632457238
441 0.5734772632457238
442 0.5734772632457238
443 0.5734772632457238
444 0.5734772632457238
445 0.5735815602836879
446 0.57363370880267
447 0.57363370880267
448 0.57363370880267
449 0.57363370880267
450 0.5737380058406342
451 0.5743637880684188
452 0.5743637880684188
453 0.5743637880684188
454 0.5744159365874009
455 0.5744159365874009
456 0.5744159365874009
457 0.574468085106383
458 0.574468085106383
459 0.574468085106383
460 0.5745202336253651
461 0.5745723821443471
462 0.5745723821443471
463 0.5745723821443471
464 0.5745723821443471
465 0.5745723821443471
466 0.5746245306633292
467 0.5746245306633292
468 0.5746245306633292
469 0.575250312891114
470 0.575250312891114
471 0.575354609929078
472 0.575354609929078
473 0.575354609929078
474 0.575354609929078
475 0.5755110554860242
476 0.5755110554860242
477 0.5755632040050063
478 0.5755632040050063
479 0.5755632040050063
480 0.5755632040050063
481 0.5757717980809345
482 0.5757717980809345
483 0.5757717980809345
484 0.5757717980809345
485 0.5757717980809345
486 0.5757717980809345
487 0.5757717980809345
488 0.5757717980809345
489 0.576136837713809
490 0.576136837713809
491 0.576136837713809
492 0.576136837713809
493 0.576136837713809
494 0.576136837713809
495 0.5762411347517731
496 0.5762411347517731
497 0.5764497288277013
498 0.5765018773466833
499 0.5765018773466833
500 0.5765018773466833
501 0.5766061743846475
502 0.5766061743846475
503 0.5766061743846475
504 0.5766061743846475
505 0.5766061743846475
506 0.5766061743846475
507 0.5766061743846475
508 0.5766061743846475
509 0.5766583229036295
510 0.5766583229036295
511 0.5766583229036295
512 0.5766583229036295
513 0.5767626199415936
514 0.5769712140175219
515 0.577075511055486
516 0.577075511055486
517 0.577075511055486
518 0.577075511055486
519 0.5771276595744681
520 0.5771276595744681
521 0.5771276595744681
522 0.5771276595744681
523 0.5771276595744681
524 0.5771798080934502
525 0.5771798080934502
526 0.5771798080934502
527 0.5771798080934502
528 0.5772319566124322
529 0.5774926992073425
530 0.5774926992073425
531 0.5774926992073425
532 0.5774926992073425
533 0.5775969962453066
534 0.5775969962453066
535 0.5775969962453066
536 0.5775969962453066
537 0.5775969962453066
538 0.5777534418022529
539 0.577857738840217
540 0.577857738840217
541 0.577857738840217
542 0.5779620358781811
543 0.5779620358781811
544 0.5779620358781811
545 0.5779620358781811
546 0.5779620358781811
547 0.5779620358781811
548 0.5781184814351272
549 0.5781184814351272
550 0.5781184814351272
551 0.5781184814351272
552 0.5781706299541093
553 0.5781706299541093
554 0.5781706299541093
555 0.5781706299541093
556 0.5781706299541093
557 0.5781706299541093
558 0.5781706299541093
559 0.5781706299541093
560 0.5785356695869838
561 0.5785356695869838
562 0.5785356695869838
563 0.5785356695869838
564 0.5785356695869838
565 0.5785356695869838
566 0.5785356695869838
567 0.5785356695869838
568 0.5785356695869838
569 0.5785356695869838
570 0.5785356695869838
571 0.5785356695869838
572 0.5785356695869838
573 0.5785356695869838
574 0.5785356695869838
575 0.5785356695869838
576 0.5785356695869838
577 0.5785356695869838
578 0.5785356695869838
579 0.5785356695869838
580 0.5785356695869838
581 0.5785356695869838
582 0.5785356695869838
583 0.5785878181059658
584 0.5785878181059658
585 0.5785878181059658
586 0.5786399666249479
587 0.5786399666249479
588 0.5786921151439299
589 0.5786921151439299
590 0.5789007092198581
591 0.5789007092198581
592 0.5789528577388402
593 0.5789528577388402
594 0.5790571547768043
595 0.5791614518147684
596 0.5791614518147684
597 0.5793700458906967
598 0.5793700458906967
599 0.5793700458906967
600 0.5793700458906967
601 0.5793700458906967
602 0.5793700458906967
603 0.5793700458906967
604 0.5793700458906967
605 0.5793700458906967
606 0.579578639966625
607 0.579578639966625
608 0.579578639966625
609 0.579578639966625
610 0.579630788485607
611 0.579630788485607
612 0.5796829370045891
613 0.5796829370045891
614 0.5796829370045891
615 0.5796829370045891
616 0.5797872340425532
617 0.5797872340425532
618 0.5798915310805173
619 0.5798915310805173
620 0.5798915310805173
621 0.5798915310805173
622 0.5798915310805173
623 0.5798915310805173
624 0.5801001251564456
625 0.5801001251564456
626 0.5801001251564456
627 0.5801001251564456
628 0.5801001251564456
629 0.5801522736754277
630 0.5801522736754277
631 0.5801522736754277
632 0.5801522736754277
633 0.5801522736754277
634 0.58046516478932
635 0.5807780559032123
636 0.5807780559032123
637 0.5807780559032123
638 0.5807780559032123
639 0.5807780559032123
640 0.5808823529411765
641 0.5808823529411765
642 0.5808823529411765
643 0.5808823529411765
644 0.5808823529411765
645 0.5808823529411765
646 0.5808823529411765
647 0.5811952440550688
648 0.5811952440550688
649 0.5811952440550688
650 0.5812473925740509
651 0.5812473925740509
652 0.5812473925740509
653 0.581403838130997
654 0.581403838130997
655 0.5814559866499791
656 0.5814559866499791
657 0.5814559866499791
658 0.5814559866499791
659 0.5815081351689612
660 0.5817688777638715
661 0.5817688777638715
662 0.5817688777638715
663 0.5817688777638715
664 0.5818731748018356
665 0.5818731748018356
666 0.5818731748018356
667 0.5818731748018356
668 0.5818731748018356
669 0.5819774718397998
670 0.5819774718397998
671 0.5819774718397998
672 0.5820296203587818
673 0.5820296203587818
674 0.5820296203587818
675 0.5820296203587818
676 0.5820296203587818
677 0.5820296203587818
678 0.5821339173967459
679 0.58223821443471
680 0.5822903629536921
681 0.5822903629536921
682 0.5822903629536921
683 0.5822903629536921
684 0.5822903629536921
685 0.5822903629536921
686 0.5822903629536921
687 0.5822903629536921
688 0.5823946599916562
689 0.5823946599916562
690 0.5824468085106383
691 0.5824468085106383
692 0.5824468085106383
693 0.5825511055486025
694 0.5825511055486025
695 0.5825511055486025
696 0.5825511055486025
697 0.5825511055486025
698 0.5825511055486025
699 0.5825511055486025
700 0.5825511055486025
701 0.5827596996245307
702 0.5827596996245307
703 0.5827596996245307
704 0.5827596996245307
705 0.5827596996245307
706 0.5827596996245307
707 0.5827596996245307
708 0.5827596996245307
709 0.5827596996245307
710 0.5827596996245307
711 0.5827596996245307
712 0.5827596996245307
713 0.5828118481435127
714 0.5828118481435127
715 0.5828118481435127
716 0.5828118481435127
717 0.5828118481435127
718 0.5828118481435127
719 0.5828118481435127
720 0.5828118481435127
721 0.5828118481435127
722 0.5828118481435127
723 0.5828118481435127
724 0.5828118481435127
725 0.5831768877763871
726 0.5831768877763871
727 0.5831768877763871
728 0.5831768877763871
729 0.5831768877763871
730 0.5831768877763871
731 0.5831768877763871
732 0.5831768877763871
733 0.5832290362953693
734 0.5832290362953693
735 0.5832290362953693
736 0.5832290362953693
737 0.5832811848143513
738 0.5832811848143513
739 0.5832811848143513
740 0.5832811848143513
741 0.5832811848143513
742 0.5834376303712975
743 0.5834897788902795
744 0.5834897788902795
745 0.5834897788902795
746 0.5835419274092616
747 0.5835419274092616
748 0.5835419274092616
749 0.5835419274092616
750 0.5835419274092616
751 0.5835419274092616
752 0.5835419274092616
753 0.5835419274092616
754 0.5835419274092616
755 0.5835419274092616
756 0.5835419274092616
757 0.5835419274092616
758 0.5835419274092616
759 0.5835419274092616
760 0.5836983729662077
761 0.5836983729662077
762 0.5836983729662077
763 0.5836983729662077
764 0.5836983729662077
765 0.5836983729662077
766 0.5836983729662077
767 0.5836983729662077
768 0.5836983729662077
769 0.5836983729662077
770 0.5836983729662077
771 0.5836983729662077
772 0.5836983729662077
773 0.5836983729662077
774 0.5836983729662077
775 0.5837505214851898
776 0.5837505214851898
777 0.5837505214851898
778 0.583906967042136
779 0.583906967042136
780 0.583906967042136
781 0.583906967042136
782 0.583906967042136
783 0.583906967042136
784 0.583906967042136
785 0.583906967042136
786 0.583906967042136
787 0.583906967042136
788 0.583906967042136
789 0.583906967042136
790 0.583959115561118
791 0.5840112640801002
792 0.5840112640801002
793 0.5840112640801002
794 0.5840634125990822
795 0.5841677096370463
796 0.5841677096370463
797 0.5841677096370463
798 0.5841677096370463
799 0.5842198581560284
800 0.5844284522319566
801 0.5846370463078848
802 0.5846370463078848
803 0.5846370463078848
804 0.5846370463078848
805 0.5846370463078848
806 0.5846370463078848
807 0.5846370463078848
808 0.5846370463078848
809 0.5846370463078848
810 0.5846891948268669
811 0.5846891948268669
812 0.5846891948268669
813 0.5846891948268669
814 0.5846891948268669
815 0.5846891948268669
816 0.5847413433458489
817 0.5847413433458489
818 0.5847413433458489
819 0.5847413433458489
820 0.5848456403838131
821 0.5848456403838131
822 0.5848456403838131
823 0.5848456403838131
824 0.5848456403838131
825 0.5850020859407593
826 0.5850020859407593
827 0.5850020859407593
828 0.5850020859407593
829 0.5850020859407593
830 0.5850020859407593
831 0.5851585314977055
832 0.5851585314977055
833 0.5851585314977055
834 0.5851585314977055
835 0.5851585314977055
836 0.5851585314977055
837 0.5851585314977055
838 0.5851585314977055
839 0.5851585314977055
840 0.5851585314977055
841 0.5851585314977055
842 0.5851585314977055
843 0.5851585314977055
844 0.5851585314977055
845 0.5852628285356696
846 0.5852628285356696
847 0.5852628285356696
848 0.5852628285356696
849 0.5852628285356696
850 0.5852628285356696
851 0.5852628285356696
852 0.5852628285356696
853 0.5852628285356696
854 0.5852628285356696
855 0.5852628285356696
856 0.5852628285356696
857 0.5852628285356696
858 0.5852628285356696
859 0.5852628285356696
860 0.5852628285356696
861 0.5852628285356696
862 0.5852628285356696
863 0.5852628285356696
864 0.5853149770546516
865 0.5853149770546516
866 0.5854714226115978
867 0.5856278681685441
868 0.5856278681685441
869 0.5856278681685441
870 0.5857843137254902
871 0.5857843137254902
872 0.5857843137254902
873 0.5857843137254902
874 0.5857843137254902
875 0.5857843137254902
876 0.5857843137254902
877 0.5857843137254902
878 0.5857843137254902
879 0.5859407592824364
880 0.5859407592824364
881 0.5859407592824364
882 0.5859929078014184
883 0.5859929078014184
884 0.5859929078014184
885 0.5859929078014184
886 0.5859929078014184
887 0.5859929078014184
888 0.5860450563204005
889 0.5860450563204005
890 0.5860450563204005
891 0.5860450563204005
892 0.5860450563204005
893 0.5860450563204005
894 0.5860450563204005
895 0.5860450563204005
896 0.5860450563204005
897 0.5862536503963287
898 0.5862536503963287
899 0.5862536503963287
900 0.5862536503963287
901 0.5862536503963287
902 0.5862536503963287
903 0.5862536503963287
904 0.5862536503963287
905 0.5862536503963287
906 0.5863057989153108
907 0.5863057989153108
908 0.5863057989153108
909 0.5863057989153108
910 0.5863057989153108
911 0.5863057989153108
912 0.5863057989153108
913 0.5863057989153108
914 0.5863579474342928
915 0.5863579474342928
916 0.5863579474342928
917 0.5863579474342928
918 0.5863579474342928
919 0.5863579474342928
920 0.5863579474342928
921 0.5863579474342928
922 0.5863579474342928
923 0.5865143929912391
924 0.5865143929912391
925 0.5865143929912391
926 0.5865143929912391
927 0.5865143929912391
928 0.5865143929912391
929 0.5865143929912391
930 0.5865143929912391
931 0.5865143929912391
932 0.5865143929912391
933 0.5865143929912391
934 0.5865143929912391
935 0.5867229870671673
936 0.5867229870671673
937 0.5867229870671673
938 0.5867229870671673
939 0.5867229870671673
940 0.5867229870671673
941 0.5867229870671673
942 0.5867229870671673
943 0.5867229870671673
944 0.5867229870671673
945 0.5867229870671673
946 0.5867229870671673
947 0.5867229870671673
948 0.5867229870671673
949 0.5867229870671673
950 0.5867229870671673
951 0.5867229870671673
952 0.5867229870671673
953 0.5867229870671673
954 0.5867229870671673
955 0.5868272841051314
956 0.5868272841051314
957 0.5868272841051314
958 0.5868272841051314
959 0.5868272841051314
960 0.5868272841051314
961 0.5868272841051314
962 0.5868272841051314
963 0.5868272841051314
964 0.5868272841051314
965 0.5868794326241135
966 0.5868794326241135
967 0.5868794326241135
968 0.5868794326241135
969 0.5868794326241135
970 0.5868794326241135
971 0.5870358781810596
972 0.5870358781810596
973 0.5870358781810596
974 0.5870358781810596
975 0.5870358781810596
976 0.5871401752190237
977 0.5871401752190237
978 0.5871401752190237
979 0.58729662077597
980 0.58729662077597
981 0.58729662077597
982 0.58729662077597
983 0.58729662077597
984 0.58729662077597
985 0.58729662077597
986 0.58729662077597
987 0.58729662077597
988 0.58729662077597
989 0.58729662077597
990 0.58729662077597
991 0.58729662077597
992 0.58729662077597
993 0.58729662077597
994 0.58729662077597
995 0.5873487692949521
996 0.5873487692949521
997 0.5873487692949521
998 0.5873487692949521
999 0.5873487692949521
