1 0.504328327075511
2 0.5054234459741344
3 0.5089695452649144
4 0.5098039215686274
5 0.5100646641635378
6 0.5100646641635378
7 0.5103775552774301
8 0.5107425949103045
9 0.5112119315811431
10 0.511942010846892
11 0.5120463078848561
12 0.5123070504797663
13 0.5123070504797663
14 0.5125156445556946
15 0.5127763871506049
16 0.512880684188569
17 0.5131935753024615
18 0.5136629119732999
19 0.5140279516061744
20 0.5144972882770129
21 0.514601585314977
22 0.5155924071756363
23 0.5163224864413851
24 0.5168439716312057
25 0.5172611597830622
26 0.5175219023779725
27 0.5178869420108468
28 0.5183041301627034
29 0.518773466833542
30 0.5193471005423446
31 0.5193471005423446
32 0.5195035460992907
33 0.5200250312891114
34 0.5203379224030038
35 0.5209637046307884
36 0.5209637046307884
37 0.5211722987067168
38 0.5215373383395911
39 0.5216416353775553
40 0.5219545264914477
41 0.52226741760534
42 0.5229974968710889
43 0.523101793909053
44 0.5234668335419274
45 0.5236754276178557
46 0.5238840216937839
47 0.5244055068836045
48 0.5250834376303714
49 0.5252398831873175
50 0.5255006257822278
51 0.5258656654151022
52 0.5258656654151022
53 0.5260221109720484
54 0.5261785565289946
55 0.5267000417188152
56 0.5270129328327076
57 0.5275344180225282
58 0.5277430120984564
59 0.5277430120984564
60 0.5278473091364205
61 0.5278994576554026
62 0.5283687943262412
63 0.5285252398831873
64 0.5289945765540258
65 0.5292553191489362
66 0.5294639132248644
67 0.5297246558197747
68 0.5297246558197747
69 0.5302982895285774
70 0.5303504380475594
71 0.5305590321234877
72 0.5310283687943262
73 0.5313934084272006
74 0.531706299541093
75 0.5322799332498958
76 0.5327492699207342
77 0.5330100125156445
78 0.5335314977054652
79 0.5339486858573217
80 0.5344701710471422
81 0.5347830621610347
82 0.5348873591989988
83 0.535148101793909
84 0.5353566958698373
85 0.5356695869837297
86 0.535982478097622
87 0.5363475177304965
88 0.5366604088443888
89 0.5369211514392991
90 0.5371297455152274
91 0.5375990821860659
92 0.5378598247809763
93 0.5381727158948686
94 0.5383291614518148
95 0.5392678347934918
96 0.5394764288694202
97 0.5398936170212766
98 0.5401022110972048
99 0.5405193992490613
100 0.5407801418439716
101 0.5407801418439716
102 0.5416666666666666
103 0.5416666666666666
104 0.5419795577805591
105 0.5422403003754693
106 0.5422403003754693
107 0.5425010429703796
108 0.5429182311222361
109 0.5431268251981644
110 0.5432311222361285
111 0.543648310387985
112 0.5446912807676262
113 0.5448998748435544
114 0.5448998748435544
115 0.5449520233625365
116 0.5453170629954109
117 0.5456299541093033
118 0.5460471422611598
119 0.5463078848560701
120 0.5463600333750521
121 0.5466729244889446
122 0.5466729244889446
123 0.5469336670838548
124 0.5470379641218189
125 0.5472465581977471
126 0.5476637463496037
127 0.5481852315394243
128 0.5483416770963705
129 0.5483938256153525
130 0.5484459741343346
131 0.548811013767209
132 0.5490196078431373
133 0.5491239048811014
134 0.5492803504380476
135 0.5495410930329578
136 0.5495410930329578
137 0.549749687108886
138 0.5498018356278682
139 0.5500104297037964
140 0.5500104297037964
141 0.5501668752607426
142 0.5502711722987067
143 0.5510534000834376
144 0.5512098456403838
145 0.5512098456403838
146 0.5512619941593658
147 0.55136629119733
148 0.5517313308302044
149 0.5517313308302044
150 0.5518356278681685
151 0.5521485189820609
152 0.5524092615769712
153 0.5527221526908636
154 0.5527221526908636
155 0.5528264497288277
156 0.5529307467667918
157 0.5529828952857739
158 0.5529828952857739
159 0.5534522319566124
160 0.5536086775135586
161 0.553869420108469
162 0.553921568627451
163 0.5541823112223613
164 0.5543909052982895
165 0.5544952023362536
166 0.5546516478931999
167 0.5547037964121819
168 0.5551209845640384
169 0.5552252816020025
170 0.5554338756779308
171 0.555590321234877
172 0.5559032123487693
173 0.5562682519816438
174 0.5565811430955361
175 0.5566854401335002
176 0.5568418856904463
177 0.5569983312473926
178 0.5569983312473926
179 0.5569983312473926
180 0.5572069253233208
181 0.5572069253233208
182 0.5572069253233208
183 0.5572590738423029
184 0.5573112223612849
185 0.557363370880267
186 0.557363370880267
187 0.5575719649561952
188 0.5581455986649979
189 0.5587713808927827
190 0.5589799749687109
191 0.5589799749687109
192 0.5590321234876929
193 0.5590321234876929
194 0.5590321234876929
195 0.559084272006675
196 0.5591885690446391
197 0.5592407175636211
198 0.5592407175636211
199 0.5594493116395495
200 0.5595014601585315
201 0.5598143512724238
202 0.5598664997914059
203 0.5602836879432624
204 0.5602836879432624
205 0.5603879849812266
206 0.5606487275761368
207 0.5610659157279934
208 0.5611702127659575
209 0.5611702127659575
210 0.5611702127659575
211 0.5613788068418857
212 0.5614309553608677
213 0.5615874009178139
214 0.5619524405506884
215 0.5622653316645807
216 0.5622653316645807
217 0.5624217772215269
218 0.5625260742594911
219 0.5625782227784731
220 0.5628389653733834
221 0.5632561535252398
222 0.563308302044222
223 0.563360450563204
224 0.5635690446391323
225 0.5636211931581143
226 0.5636211931581143
227 0.5636733416770964
228 0.5639862327909887
229 0.5644034209428452
230 0.5644034209428452
231 0.5646120150187734
232 0.5649249061326659
233 0.5649770546516479
234 0.5649770546516479
235 0.56502920317063
236 0.56502920317063
237 0.56502920317063
238 0.5652377972465582
239 0.5652377972465582
240 0.5652377972465582
241 0.5652899457655403
242 0.5652899457655403
243 0.5652899457655403
244 0.5654463913224864
245 0.5654463913224864
246 0.5656028368794326
247 0.5657071339173968
248 0.5658114309553609
249 0.5659678765123071
250 0.5659678765123071
251 0.5664893617021277
252 0.5665936587400918
253 0.566750104297038
254 0.5668544013350021
255 0.5669065498539841
256 0.5669065498539841
257 0.5669586983729662
258 0.5671672924488944
259 0.5672715894868585
260 0.5674801835627868
261 0.567584480600751
262 0.567636629119733
263 0.5678452231956612
264 0.5680016687526074
265 0.5681581143095537
266 0.5681581143095537
267 0.5681581143095537
268 0.5681581143095537
269 0.5683667083854819
270 0.5686274509803921
271 0.5686274509803921
272 0.5686274509803921
273 0.5687317480183562
274 0.5687317480183562
275 0.5687838965373383
276 0.5689924906132666
277 0.5689924906132666
278 0.5689924906132666
279 0.5689924906132666
280 0.5689924906132666
281 0.5690967876512307
282 0.5690967876512307
283 0.5693053817271589
284 0.5693053817271589
285 0.5695139758030872
286 0.5698268669169796
287 0.5701397580308719
288 0.5701397580308719
289 0.5701397580308719
290 0.5701397580308719
291 0.5701397580308719
292 0.570191906549854
293 0.5704005006257822
294 0.5705569461827285
295 0.5705569461827285
296 0.5707655402586567
297 0.5708176887776387
298 0.5710262828535669
299 0.5710262828535669
300 0.5710262828535669
301 0.5710262828535669
302 0.5710262828535669
303 0.5710262828535669
304 0.5710262828535669
305 0.5711827284105131
306 0.5714434710054235
307 0.5714434710054235
308 0.5714956195244055
309 0.5714956195244055
310 0.5714956195244055
311 0.5716520650813517
312 0.5716520650813517
313 0.5716520650813517
314 0.571912807676262
315 0.571912807676262
316 0.571912807676262
317 0.571912807676262
318 0.571912807676262
319 0.5723299958281185
320 0.5724342928660826
321 0.5724342928660826
322 0.5724864413850647
323 0.5725907384230288
324 0.5727471839799749
325 0.5730079265748853
326 0.5730079265748853
327 0.5730079265748853
328 0.5730079265748853
329 0.5730079265748853
330 0.5732165206508135
331 0.5732165206508135
332 0.5732165206508135
333 0.5732686691697956
334 0.5732686691697956
335 0.5732686691697956
336 0.5733208176887776
337 0.5733208176887776
338 0.5734251147267417
339 0.5735294117647058
340 0.5736858573216521
341 0.5736858573216521
342 0.5738423028785983
343 0.5738423028785983
344 0.5738423028785983
345 0.5742594910304547
346 0.5742594910304547
347 0.574468085106383
348 0.574468085106383
349 0.574468085106383
350 0.574468085106383
351 0.574468085106383
352 0.5748331247392574
353 0.5748331247392574
354 0.5748331247392574
355 0.5748331247392574
356 0.5748331247392574
357 0.5748331247392574
358 0.5749374217772215
359 0.5749374217772215
360 0.5750938673341677
361 0.5750938673341677
362 0.5751981643721318
363 0.5751981643721318
364 0.5751981643721318
365 0.575250312891114
366 0.575250312891114
367 0.575250312891114
368 0.5754589069670422
369 0.5754589069670422
370 0.5754589069670422
371 0.5756153525239883
372 0.5756153525239883
373 0.5756153525239883
374 0.5757717980809345
375 0.5757717980809345
376 0.5757717980809345
377 0.5757717980809345
378 0.5757717980809345
379 0.5757717980809345
380 0.5759282436378806
381 0.5759282436378806
382 0.5759282436378806
383 0.5759803921568627
384 0.5759803921568627
385 0.5762411347517731
386 0.5762932832707551
387 0.5762932832707551
388 0.5762932832707551
389 0.5767626199415936
390 0.5768669169795578
391 0.5768669169795578
392 0.5769190654985399
393 0.5769712140175219
394 0.5771276595744681
395 0.5772319566124322
396 0.5773362536503963
397 0.5775448477263245
398 0.5777534418022529
399 0.577909887359199
400 0.577909887359199
401 0.5780663329161452
402 0.5780663329161452
403 0.5781706299541093
404 0.5781706299541093
405 0.5783792240300375
406 0.5785356695869838
407 0.5785878181059658
408 0.5785878181059658
409 0.5785878181059658
410 0.5785878181059658
411 0.5785878181059658
412 0.5786399666249479
413 0.5786399666249479
414 0.5786399666249479
415 0.5786399666249479
416 0.5786399666249479
417 0.5786921151439299
418 0.5786921151439299
419 0.5786921151439299
420 0.5786921151439299
421 0.5788485607008761
422 0.5788485607008761
423 0.5788485607008761
424 0.5788485607008761
425 0.5788485607008761
426 0.5790571547768043
427 0.5790571547768043
428 0.5790571547768043
429 0.5791614518147684
430 0.5791614518147684
431 0.5791614518147684
432 0.5791614518147684
433 0.5792136003337505
434 0.5792136003337505
435 0.5792136003337505
436 0.5792136003337505
437 0.5792136003337505
438 0.5792136003337505
439 0.5792657488527326
440 0.5794221944096788
441 0.5794221944096788
442 0.5796829370045891
443 0.5796829370045891
444 0.5798393825615352
445 0.5799958281184814
446 0.5799958281184814
447 0.5799958281184814
448 0.5799958281184814
449 0.5800479766374635
450 0.5802565707133918
451 0.5802565707133918
452 0.5802565707133918
453 0.5802565707133918
454 0.5803087192323738
455 0.5803087192323738
456 0.5803087192323738
457 0.5803087192323738
458 0.5803087192323738
459 0.5803087192323738
460 0.5803087192323738
461 0.5803087192323738
462 0.58046516478932
463 0.58046516478932
464 0.58046516478932
465 0.58046516478932
466 0.58046516478932
467 0.580517313308302
468 0.580517313308302
469 0.580517313308302
470 0.580517313308302
471 0.5805694618272841
472 0.5805694618272841
473 0.5806737588652482
474 0.5807259073842302
475 0.5807259073842302
476 0.5808302044221945
477 0.5808302044221945
478 0.5808823529411765
479 0.5808823529411765
480 0.5808823529411765
481 0.5808823529411765
482 0.5808823529411765
483 0.5808823529411765
484 0.5808823529411765
485 0.5810387984981227
486 0.5811430955360868
487 0.5811430955360868
488 0.5811430955360868
489 0.581299541093033
490 0.581351689612015
491 0.581351689612015
492 0.581351689612015
493 0.5814559866499791
494 0.5814559866499791
495 0.5814559866499791
496 0.5814559866499791
497 0.5814559866499791
498 0.5814559866499791
499 0.5815081351689612
500 0.5815081351689612
501 0.5815081351689612
502 0.5815081351689612
503 0.5815081351689612
504 0.5815602836879432
505 0.5815602836879432
506 0.5815602836879432
507 0.5816124322069254
508 0.5816645807259074
509 0.5816645807259074
510 0.5816645807259074
511 0.5816645807259074
512 0.5816645807259074
513 0.5816645807259074
514 0.5817688777638715
515 0.5818210262828536
516 0.5818210262828536
517 0.5818731748018356
518 0.5818731748018356
519 0.5818731748018356
520 0.5818731748018356
521 0.5818731748018356
522 0.5818731748018356
523 0.5820296203587818
524 0.5820296203587818
525 0.582186065915728
526 0.582186065915728
527 0.58223821443471
528 0.58223821443471
529 0.58223821443471
530 0.5822903629536921
531 0.5822903629536921
532 0.5827075511055486
533 0.5827075511055486
534 0.5827075511055486
535 0.5827075511055486
536 0.5827075511055486
537 0.5827075511055486
538 0.5827075511055486
539 0.5828118481435127
540 0.5828118481435127
541 0.5828118481435127
542 0.5828118481435127
543 0.5828118481435127
544 0.5828118481435127
545 0.5828118481435127
546 0.5828118481435127
547 0.5830204422194409
548 0.5830204422194409
549 0.5830204422194409
550 0.5830204422194409
551 0.5830204422194409
552 0.5832290362953693
553 0.5832290362953693
554 0.5832290362953693
555 0.5832290362953693
556 0.5832290362953693
557 0.5834376303712975
558 0.5834376303712975
559 0.5835940759282436
560 0.5835940759282436
561 0.5835940759282436
562 0.5835940759282436
563 0.5835940759282436
564 0.5835940759282436
565 0.5835940759282436
566 0.5835940759282436
567 0.5835940759282436
568 0.5837505214851898
569 0.5838026700041719
570 0.5838026700041719
571 0.583906967042136
572 0.583959115561118
573 0.583959115561118
574 0.583959115561118
575 0.5841155611180643
576 0.5841677096370463
577 0.5841677096370463
578 0.5842198581560284
579 0.5842720066750104
580 0.5842720066750104
581 0.5842720066750104
582 0.5843241551939925
583 0.5843241551939925
584 0.5843241551939925
585 0.5844284522319566
586 0.5844806007509387
587 0.5844806007509387
588 0.5844806007509387
589 0.5844806007509387
590 0.5844806007509387
591 0.5844806007509387
592 0.5844806007509387
593 0.5844806007509387
594 0.5844806007509387
595 0.5844806007509387
596 0.5844806007509387
597 0.5844806007509387
598 0.5844806007509387
599 0.5845327492699207
600 0.5845327492699207
601 0.5845327492699207
602 0.5845327492699207
603 0.5845327492699207
604 0.5845327492699207
605 0.5845327492699207
606 0.5847934918648311
607 0.5847934918648311
608 0.5847934918648311
609 0.5847934918648311
610 0.5847934918648311
611 0.5847934918648311
612 0.5847934918648311
613 0.5847934918648311
614 0.5847934918648311
615 0.5847934918648311
616 0.5848977889027952
617 0.5848977889027952
618 0.5848977889027952
619 0.5848977889027952
620 0.5848977889027952
621 0.5848977889027952
622 0.5848977889027952
623 0.5848977889027952
624 0.5848977889027952
625 0.5848977889027952
626 0.5848977889027952
627 0.5848977889027952
628 0.5851063829787234
629 0.5851585314977055
630 0.5851585314977055
631 0.5851585314977055
632 0.5852106800166875
633 0.5852628285356696
634 0.5852628285356696
635 0.5852628285356696
636 0.5852628285356696
637 0.5852628285356696
638 0.5852628285356696
639 0.5852628285356696
640 0.5852628285356696
641 0.5853149770546516
642 0.5853671255736337
643 0.5853671255736337
644 0.5853671255736337
645 0.5853671255736337
646 0.5853671255736337
647 0.5853671255736337
648 0.5853671255736337
649 0.5853671255736337
650 0.5853671255736337
651 0.5853671255736337
652 0.5853671255736337
653 0.5854192740926157
654 0.5854192740926157
655 0.5854192740926157
656 0.5854192740926157
657 0.5854192740926157
658 0.5854192740926157
659 0.5854192740926157
660 0.5854714226115978
661 0.5854714226115978
662 0.5854714226115978
663 0.5854714226115978
664 0.5854714226115978
665 0.5854714226115978
666 0.5855757196495619
667 0.5855757196495619
668 0.5855757196495619
669 0.5856800166875261
670 0.5856800166875261
671 0.5856800166875261
672 0.5856800166875261
673 0.5856800166875261
674 0.5856800166875261
675 0.5856800166875261
676 0.5856800166875261
677 0.5856800166875261
678 0.5857843137254902
679 0.5857843137254902
680 0.5857843137254902
681 0.5857843137254902
682 0.5857843137254902
683 0.5857843137254902
684 0.5857843137254902
685 0.5857843137254902
686 0.5857843137254902
687 0.5858364622444723
688 0.5858364622444723
689 0.5858364622444723
690 0.5858364622444723
691 0.5858364622444723
692 0.5858364622444723
693 0.5858364622444723
694 0.5858364622444723
695 0.5858364622444723
696 0.5858364622444723
697 0.5858364622444723
698 0.5858364622444723
699 0.5858364622444723
700 0.5858364622444723
701 0.5858364622444723
702 0.5858364622444723
703 0.5858364622444723
704 0.5858364622444723
705 0.5858364622444723
706 0.5858364622444723
707 0.5862015018773467
708 0.5862536503963287
709 0.5863579474342928
710 0.5863579474342928
711 0.5863579474342928
712 0.5863579474342928
713 0.5863579474342928
714 0.5863579474342928
715 0.5863579474342928
716 0.5863579474342928
717 0.5863579474342928
718 0.5863579474342928
719 0.5863579474342928
720 0.586410095953275
721 0.5865143929912391
722 0.5865143929912391
723 0.5865143929912391
724 0.5865143929912391
725 0.5865143929912391
726 0.5865143929912391
727 0.5865143929912391
728 0.5865143929912391
729 0.5865665415102211
730 0.5865665415102211
731 0.5865665415102211
732 0.5865665415102211
733 0.5865665415102211
734 0.5865665415102211
735 0.5865665415102211
736 0.5865665415102211
737 0.5865665415102211
738 0.5865665415102211
739 0.5865665415102211
740 0.5865665415102211
741 0.5865665415102211
742 0.5865665415102211
743 0.5865665415102211
744 0.5865665415102211
745 0.5865665415102211
746 0.5865665415102211
747 0.5865665415102211
748 0.5865665415102211
749 0.5865665415102211
750 0.5865665415102211
751 0.5865665415102211
752 0.5865665415102211
753 0.5865665415102211
754 0.5866186900292032
755 0.5866186900292032
756 0.5866708385481852
757 0.5867751355861494
758 0.5868272841051314
759 0.5868272841051314
760 0.5868272841051314
761 0.5868272841051314
762 0.5868272841051314
763 0.5868272841051314
764 0.5868272841051314
765 0.5868272841051314
766 0.5869837296620776
767 0.5869837296620776
768 0.5869837296620776
769 0.5869837296620776
770 0.5869837296620776
771 0.5869837296620776
772 0.5869837296620776
773 0.5871401752190237
774 0.5871401752190237
775 0.5871401752190237
776 0.5871401752190237
777 0.5871401752190237
778 0.5871401752190237
779 0.5871401752190237
780 0.5871401752190237
781 0.5871401752190237
782 0.5871401752190237
783 0.5871401752190237
784 0.5871401752190237
785 0.5871923237380059
786 0.5871923237380059
787 0.5871923237380059
788 0.5871923237380059
789 0.5871923237380059
790 0.587244472256988
791 0.587244472256988
792 0.587244472256988
793 0.587244472256988
794 0.58729662077597
795 0.5873487692949521
796 0.5873487692949521
797 0.5873487692949521
798 0.5873487692949521
799 0.5873487692949521
800 0.5873487692949521
801 0.5873487692949521
802 0.5874009178139341
803 0.5874009178139341
804 0.5874530663329162
805 0.5874530663329162
806 0.5874530663329162
807 0.5874530663329162
808 0.5874530663329162
809 0.5874530663329162
810 0.5874530663329162
811 0.5874530663329162
812 0.5875052148518982
813 0.5875573633708803
814 0.5875573633708803
815 0.5876095118898623
816 0.5876095118898623
817 0.5876095118898623
818 0.5876095118898623
819 0.5876616604088444
820 0.5876616604088444
821 0.5876616604088444
822 0.5876616604088444
823 0.5876616604088444
824 0.5877659574468085
825 0.5877659574468085
826 0.5877659574468085
827 0.5877659574468085
828 0.5877659574468085
829 0.5877659574468085
830 0.5877659574468085
831 0.5877659574468085
832 0.5877659574468085
833 0.5877659574468085
834 0.5877659574468085
835 0.5877659574468085
836 0.5877659574468085
837 0.5877659574468085
838 0.5878181059657905
839 0.5878181059657905
840 0.5878181059657905
841 0.5878181059657905
842 0.5878181059657905
843 0.5878181059657905
844 0.5878181059657905
845 0.5878181059657905
846 0.5878181059657905
847 0.5878181059657905
848 0.5878702544847726
849 0.5878702544847726
850 0.5878702544847726
851 0.5878702544847726
852 0.5878702544847726
853 0.5878702544847726
854 0.5878702544847726
855 0.5878702544847726
856 0.5878702544847726
857 0.5878702544847726
858 0.5878702544847726
859 0.5878702544847726
860 0.5878702544847726
861 0.5879224030037546
862 0.5879224030037546
863 0.5879224030037546
864 0.5879224030037546
865 0.5879224030037546
866 0.5879224030037546
867 0.5880267000417189
868 0.5880267000417189
869 0.5880267000417189
870 0.5880267000417189
871 0.5880267000417189
872 0.5880267000417189
873 0.5880267000417189
874 0.5880267000417189
875 0.5880267000417189
876 0.5880267000417189
877 0.5880267000417189
878 0.5880267000417189
879 0.5880267000417189
880 0.5880267000417189
881 0.5880267000417189
882 0.5880267000417189
883 0.5880267000417189
884 0.5880267000417189
885 0.5880267000417189
886 0.5880267000417189
887 0.5880267000417189
888 0.5880267000417189
889 0.5880267000417189
890 0.588183145598665
891 0.588183145598665
892 0.588183145598665
893 0.588183145598665
894 0.588183145598665
895 0.588183145598665
896 0.588183145598665
897 0.588183145598665
898 0.588183145598665
899 0.588183145598665
900 0.588183145598665
901 0.5883395911556112
902 0.5883395911556112
903 0.5883395911556112
904 0.5883395911556112
905 0.5883917396745932
906 0.5884960367125573
907 0.5884960367125573
908 0.5884960367125573
909 0.5884960367125573
910 0.5884960367125573
911 0.5884960367125573
912 0.5884960367125573
913 0.5884960367125573
914 0.5884960367125573
915 0.5884960367125573
916 0.5884960367125573
917 0.5884960367125573
918 0.5885481852315394
919 0.5885481852315394
920 0.5885481852315394
921 0.5885481852315394
922 0.5885481852315394
923 0.5885481852315394
924 0.5885481852315394
925 0.5885481852315394
926 0.5885481852315394
927 0.5885481852315394
928 0.5885481852315394
929 0.5886003337505215
930 0.5886003337505215
931 0.5886003337505215
932 0.5886003337505215
933 0.5886003337505215
934 0.5886003337505215
935 0.5886003337505215
936 0.5886003337505215
937 0.5886003337505215
938 0.5886003337505215
939 0.5887046307884856
940 0.5888089278264498
941 0.5888089278264498
942 0.5888089278264498
943 0.5888089278264498
944 0.5888089278264498
945 0.5888089278264498
946 0.5888089278264498
947 0.5888089278264498
948 0.5888089278264498
949 0.5888089278264498
950 0.5888089278264498
951 0.5888089278264498
952 0.5888089278264498
953 0.5888089278264498
954 0.5888089278264498
955 0.5888089278264498
956 0.5888089278264498
957 0.5888610763454318
958 0.5888610763454318
959 0.5888610763454318
960 0.5888610763454318
961 0.5888610763454318
962 0.5888610763454318
963 0.5888610763454318
964 0.5888610763454318
965 0.5888610763454318
966 0.5888610763454318
967 0.5889132248644139
968 0.5889132248644139
969 0.5889132248644139
970 0.5889132248644139
971 0.5889132248644139
972 0.5889132248644139
973 0.5889132248644139
974 0.5889132248644139
975 0.5889132248644139
976 0.5889653733833959
977 0.589017521902378
978 0.589017521902378
979 0.589017521902378
980 0.589017521902378
981 0.589017521902378
982 0.589017521902378
983 0.589017521902378
984 0.589017521902378
985 0.58906967042136
986 0.58906967042136
987 0.5891218189403421
988 0.5891218189403421
989 0.5891218189403421
990 0.5891218189403421
991 0.5891218189403421
992 0.5891218189403421
993 0.5891218189403421
994 0.5891218189403421
995 0.5891218189403421
996 0.5891218189403421
997 0.5891218189403421
998 0.5891218189403421
999 0.5891218189403421
