1 0.5073529411764706
2 0.5073529411764706
3 0.507717980809345
4 0.5079265748852733
5 0.5083437630371297
6 0.5083437630371297
7 0.5088130997079683
8 0.5089173967459324
9 0.5092302878598248
10 0.5092302878598248
11 0.5097517730496454
12 0.510221109720484
13 0.5110554860241969
14 0.5115769712140176
15 0.5120984564038381
16 0.5123591989987485
17 0.512880684188569
18 0.5131414267834794
19 0.5132457238214435
20 0.5136629119732999
21 0.5140279516061744
22 0.514601585314977
23 0.5152273675427618
24 0.5155402586566542
25 0.5158010012515645
26 0.5161660408844388
27 0.5164267834793492
28 0.5164267834793492
29 0.5170525657071339
30 0.5175219023779725
31 0.5177826449728827
32 0.5185648727576136
33 0.5186170212765957
34 0.5187213183145599
35 0.518825615352524
36 0.5191906549853984
37 0.519659991656237
38 0.519659991656237
39 0.5199728827701293
40 0.520546516478932
41 0.5210158531497705
42 0.5211722987067168
43 0.5211722987067168
44 0.5214851898206091
45 0.5217980809345014
46 0.5226324572382144
47 0.5226324572382144
48 0.5227889027951607
49 0.5228931998331248
50 0.5233103879849812
51 0.5236232790988736
52 0.5238318731748018
53 0.5238840216937839
54 0.5242490613266583
55 0.5246141009595328
56 0.5246141009595328
57 0.5247705465164789
58 0.524874843554443
59 0.5255527743012098
60 0.5262307050479766
61 0.5264914476428869
62 0.5264914476428869
63 0.5268564872757614
64 0.5273779724655819
65 0.5276387150604923
66 0.5276387150604923
67 0.5280559032123487
68 0.5282123487692949
69 0.5284209428452232
70 0.5285252398831873
71 0.5288902795160617
72 0.5291510221109721
73 0.5291510221109721
74 0.5291510221109721
75 0.5293596161869003
76 0.5299853984146851
77 0.5300896954526492
78 0.5303504380475594
79 0.5305590321234877
80 0.5309240717563621
81 0.5313412599082186
82 0.5313412599082186
83 0.5313412599082186
84 0.5318105965790572
85 0.5322277847309136
86 0.5325928243637881
87 0.5328535669586983
88 0.5329057154776804
89 0.5333229036295369
90 0.5341572799332499
91 0.5345744680851063
92 0.5345744680851063
93 0.5346266166040884
94 0.5348873591989988
95 0.5350438047559449
96 0.5352523988318731
97 0.5353045473508552
98 0.5356695869837297
99 0.53593032957864
100 0.535982478097622
101 0.5364518147684606
102 0.5366082603254068
103 0.5367647058823529
104 0.5367647058823529
105 0.5371297455152274
106 0.5371297455152274
107 0.5371818940342095
108 0.5372340425531915
109 0.5376512307050479
110 0.5379641218189404
111 0.5381727158948686
112 0.5382770129328327
113 0.5384334584897789
114 0.5386420525657072
115 0.5386420525657072
116 0.5391635377555277
117 0.5392156862745098
118 0.5395285773884022
119 0.5395285773884022
120 0.5395807259073843
121 0.5396850229453484
122 0.5397893199833125
123 0.5401543596161869
124 0.5401543596161869
125 0.5402586566541511
126 0.5404672507300793
127 0.5407279933249896
128 0.5407279933249896
129 0.5408844388819357
130 0.5411451814768461
131 0.5413537755527743
132 0.5416145181476846
133 0.541875260742595
134 0.5419795577805591
135 0.5419795577805591
136 0.5422403003754693
137 0.5425531914893617
138 0.5426574885273259
139 0.5426574885273259
140 0.5426574885273259
141 0.5426574885273259
142 0.5429182311222361
143 0.5430225281602002
144 0.5435440133500209
145 0.5435440133500209
146 0.5438047559449312
147 0.5438047559449312
148 0.5438047559449312
149 0.5439612015018773
150 0.5439612015018773
151 0.5439612015018773
152 0.5441176470588235
153 0.5442740926157698
154 0.5446391322486441
155 0.5446391322486441
156 0.5447955778055903
157 0.5448998748435544
158 0.5452127659574468
159 0.5452127659574468
160 0.5453170629954109
161 0.5455256570713392
162 0.5456821026282853
163 0.5456821026282853
164 0.5456821026282853
165 0.5459949937421777
166 0.5460471422611598
167 0.546255736337088
168 0.5463078848560701
169 0.5467250730079266
170 0.5468815185648728
171 0.5469858156028369
172 0.5472987067167292
173 0.5475073007926575
174 0.547976637463496
175 0.5481852315394243
176 0.5481852315394243
177 0.5482895285773884
178 0.5487067167292449
179 0.5487067167292449
180 0.548863162286191
181 0.5490196078431373
182 0.5492282019190655
183 0.5492282019190655
184 0.5492282019190655
185 0.5493846474760117
186 0.5495410930329578
187 0.5499582811848144
188 0.5499582811848144
189 0.5501668752607426
190 0.5501668752607426
191 0.5503233208176888
192 0.5503233208176888
193 0.5503233208176888
194 0.550531914893617
195 0.550531914893617
196 0.5506362119315812
197 0.5506362119315812
198 0.5508448060075094
199 0.5508448060075094
200 0.5508448060075094
201 0.5508969545264915
202 0.5510012515644556
203 0.5512098456403838
204 0.5512098456403838
205 0.5512098456403838
206 0.5513141426783479
207 0.5515748852732583
208 0.5517834793491865
209 0.5518356278681685
210 0.552200667501043
211 0.552200667501043
212 0.5525135586149353
213 0.5526178556528994
214 0.5528264497288277
215 0.553035043804756
216 0.553035043804756
217 0.553035043804756
218 0.553087192323738
219 0.5531914893617021
220 0.5531914893617021
221 0.5533479349186483
222 0.5535043804755945
223 0.5535043804755945
224 0.5535565289945765
225 0.5536086775135586
226 0.5536086775135586
227 0.5537129745515227
228 0.553869420108469
229 0.5540258656654151
230 0.5549123904881101
231 0.5549123904881101
232 0.5549123904881101
233 0.5551209845640384
234 0.5551731330830204
235 0.5555381727158949
236 0.5557989153108052
237 0.5559032123487693
238 0.5561118064246975
239 0.5561118064246975
240 0.5561118064246975
241 0.5561118064246975
242 0.5561639549436797
243 0.556476846057572
244 0.556476846057572
245 0.5565811430955361
246 0.5568418856904463
247 0.5568418856904463
248 0.5568940342094284
249 0.5573112223612849
250 0.5575198164372132
251 0.5575198164372132
252 0.5575198164372132
253 0.5575198164372132
254 0.5576762619941593
255 0.5576762619941593
256 0.5581455986649979
257 0.5581455986649979
258 0.5585106382978723
259 0.5585106382978723
260 0.5587192323738006
261 0.5589278264497288
262 0.5589278264497288
263 0.5589278264497288
264 0.5589278264497288
265 0.5589278264497288
266 0.5589278264497288
267 0.5589799749687109
268 0.5589799749687109
269 0.5589799749687109
270 0.5590321234876929
271 0.5592407175636211
272 0.5592407175636211
273 0.5592407175636211
274 0.5592928660826032
275 0.5598664997914059
276 0.5598664997914059
277 0.559918648310388
278 0.5602315394242804
279 0.5606487275761368
280 0.5610137672090113
281 0.5610137672090113
282 0.5610137672090113
283 0.5610137672090113
284 0.5610137672090113
285 0.5610659157279934
286 0.5610659157279934
287 0.5610659157279934
288 0.5610659157279934
289 0.5613788068418857
290 0.5617959949937422
291 0.5617959949937422
292 0.5617959949937422
293 0.5618481435127243
294 0.5621610346266166
295 0.5621610346266166
296 0.5621610346266166
297 0.5625260742594911
298 0.5625260742594911
299 0.5625260742594911
300 0.5626825198164372
301 0.5626825198164372
302 0.5626825198164372
303 0.5630475594493116
304 0.5630475594493116
305 0.5630475594493116
306 0.5632040050062578
307 0.5632040050062578
308 0.5632561535252398
309 0.5637776387150605
310 0.5637776387150605
311 0.5638819357530246
312 0.5640383813099707
313 0.5640383813099707
314 0.5640905298289528
315 0.564194826866917
316 0.5644034209428452
317 0.5645077179808093
318 0.5646641635377555
319 0.5646641635377555
320 0.5649770546516479
321 0.5649770546516479
322 0.5649770546516479
323 0.5649770546516479
324 0.5649770546516479
325 0.5649770546516479
326 0.5651856487275762
327 0.5652377972465582
328 0.5652377972465582
329 0.5652377972465582
330 0.5652377972465582
331 0.565915727993325
332 0.565915727993325
333 0.565915727993325
334 0.5660200250312891
335 0.5664372131831455
336 0.5665415102211098
337 0.566750104297038
338 0.56680225281602
339 0.5670108468919483
340 0.5670108468919483
341 0.5670108468919483
342 0.5670108468919483
343 0.5670108468919483
344 0.5670629954109303
345 0.5672715894868585
346 0.5674280350438048
347 0.567636629119733
348 0.5677409261576971
349 0.5677409261576971
350 0.5677409261576971
351 0.5678452231956612
352 0.5680016687526074
353 0.5681581143095537
354 0.5681581143095537
355 0.5683667083854819
356 0.5683667083854819
357 0.5683667083854819
358 0.568523153942428
359 0.568523153942428
360 0.5685753024614101
361 0.5685753024614101
362 0.5686795994993742
363 0.5689924906132666
364 0.5690967876512307
365 0.5691489361702128
366 0.5691489361702128
367 0.5691489361702128
368 0.5691489361702128
369 0.5693053817271589
370 0.5693053817271589
371 0.5694618272841051
372 0.5695661243220692
373 0.5695661243220692
374 0.5695661243220692
375 0.5696704213600334
376 0.5697225698790155
377 0.5697225698790155
378 0.5697747183979975
379 0.5700354609929078
380 0.5700354609929078
381 0.5700354609929078
382 0.5700354609929078
383 0.5700354609929078
384 0.5700354609929078
385 0.5701397580308719
386 0.5705569461827285
387 0.5708176887776387
388 0.5708176887776387
389 0.5708176887776387
390 0.5709741343345849
391 0.5709741343345849
392 0.5709741343345849
393 0.5709741343345849
394 0.571078431372549
395 0.571130579891531
396 0.5711827284105131
397 0.5711827284105131
398 0.5712348769294952
399 0.5713913224864414
400 0.5713913224864414
401 0.5713913224864414
402 0.5715477680433876
403 0.5715477680433876
404 0.5715477680433876
405 0.5718085106382979
406 0.5718085106382979
407 0.5718085106382979
408 0.5718085106382979
409 0.5720171047142261
410 0.5720692532332082
411 0.5720692532332082
412 0.5720692532332082
413 0.5724342928660826
414 0.5726950354609929
415 0.572799332498957
416 0.572799332498957
417 0.5730079265748853
418 0.5730079265748853
419 0.5730079265748853
420 0.5730079265748853
421 0.5730079265748853
422 0.5730079265748853
423 0.5730079265748853
424 0.5730600750938674
425 0.5731122236128494
426 0.5732165206508135
427 0.5732165206508135
428 0.5732165206508135
429 0.5732686691697956
430 0.5733208176887776
431 0.5733208176887776
432 0.5733208176887776
433 0.5733208176887776
434 0.5733729662077597
435 0.5733729662077597
436 0.5733729662077597
437 0.5734251147267417
438 0.5734251147267417
439 0.5734251147267417
440 0.57363370880267
441 0.5737380058406342
442 0.5738423028785983
443 0.5738423028785983
444 0.5738423028785983
445 0.5738423028785983
446 0.5739987484355444
447 0.5739987484355444
448 0.5739987484355444
449 0.5740508969545265
450 0.5740508969545265
451 0.5740508969545265
452 0.5740508969545265
453 0.5740508969545265
454 0.5742073425114727
455 0.5742073425114727
456 0.5743116395494368
457 0.5743637880684188
458 0.5745723821443471
459 0.5745723821443471
460 0.5745723821443471
461 0.5745723821443471
462 0.5745723821443471
463 0.5745723821443471
464 0.5746245306633292
465 0.5746245306633292
466 0.5746245306633292
467 0.5746245306633292
468 0.5746766791823112
469 0.5746766791823112
470 0.5746766791823112
471 0.5746766791823112
472 0.5748852732582395
473 0.5748852732582395
474 0.5748852732582395
475 0.5748852732582395
476 0.5748852732582395
477 0.5749374217772215
478 0.5749374217772215
479 0.5751460158531497
480 0.5751460158531497
481 0.5751460158531497
482 0.575250312891114
483 0.575354609929078
484 0.575354609929078
485 0.5757196495619524
486 0.5757196495619524
487 0.5757196495619524
488 0.5757196495619524
489 0.5760325406758448
490 0.5760325406758448
491 0.5760325406758448
492 0.5760325406758448
493 0.5762411347517731
494 0.5762411347517731
495 0.5762411347517731
496 0.5763454317897372
497 0.5763975803087192
498 0.5763975803087192
499 0.5765018773466833
500 0.5765018773466833
501 0.5771276595744681
502 0.5771276595744681
503 0.5771276595744681
504 0.5771276595744681
505 0.5771276595744681
506 0.5771798080934502
507 0.5771798080934502
508 0.5771798080934502
509 0.5771798080934502
510 0.5771798080934502
511 0.5771798080934502
512 0.5771798080934502
513 0.5771798080934502
514 0.5772319566124322
515 0.5772319566124322
516 0.5772319566124322
517 0.5772319566124322
518 0.5772319566124322
519 0.5773362536503963
520 0.5773362536503963
521 0.5773362536503963
522 0.5773362536503963
523 0.5773362536503963
524 0.5773362536503963
525 0.5773362536503963
526 0.5773362536503963
527 0.5776491447642887
528 0.5776491447642887
529 0.5776491447642887
530 0.5776491447642887
531 0.5777534418022529
532 0.577857738840217
533 0.577857738840217
534 0.577857738840217
535 0.577857738840217
536 0.577857738840217
537 0.577909887359199
538 0.5779620358781811
539 0.5779620358781811
540 0.5781184814351272
541 0.5781706299541093
542 0.5781706299541093
543 0.5781706299541093
544 0.5782227784730913
545 0.5783270755110554
546 0.5783270755110554
547 0.5783270755110554
548 0.5783792240300375
549 0.5783792240300375
550 0.5783792240300375
551 0.5783792240300375
552 0.5783792240300375
553 0.5785356695869838
554 0.5785356695869838
555 0.5785356695869838
556 0.5785356695869838
557 0.5785356695869838
558 0.5785356695869838
559 0.5785356695869838
560 0.5785878181059658
561 0.5785878181059658
562 0.5785878181059658
563 0.5789007092198581
564 0.5789007092198581
565 0.5789007092198581
566 0.5789007092198581
567 0.5790571547768043
568 0.5791614518147684
569 0.5791614518147684
570 0.5792657488527326
571 0.5793700458906967
572 0.5793700458906967
573 0.5793700458906967
574 0.5793700458906967
575 0.5793700458906967
576 0.5793700458906967
577 0.5793700458906967
578 0.5793700458906967
579 0.5795264914476429
580 0.579578639966625
581 0.579578639966625
582 0.579630788485607
583 0.579630788485607
584 0.579630788485607
585 0.579630788485607
586 0.5797350855235711
587 0.5797872340425532
588 0.5799436795994993
589 0.5799436795994993
590 0.5802044221944097
591 0.5802044221944097
592 0.5803087192323738
593 0.5803087192323738
594 0.5803087192323738
595 0.5803087192323738
596 0.5803087192323738
597 0.5803608677513559
598 0.5803608677513559
599 0.5803608677513559
600 0.5803608677513559
601 0.58046516478932
602 0.580517313308302
603 0.580517313308302
604 0.5805694618272841
605 0.5806216103462661
606 0.5807259073842302
607 0.5807259073842302
608 0.5807259073842302
609 0.5807259073842302
610 0.5807259073842302
611 0.5807259073842302
612 0.5807259073842302
613 0.5807259073842302
614 0.5807259073842302
615 0.5807780559032123
616 0.5808302044221945
617 0.5808302044221945
618 0.5808302044221945
619 0.5808823529411765
620 0.5808823529411765
621 0.5808823529411765
622 0.5808823529411765
623 0.5809345014601586
624 0.5810387984981227
625 0.5810387984981227
626 0.5811430955360868
627 0.5811952440550688
628 0.5811952440550688
629 0.5811952440550688
630 0.5815081351689612
631 0.5815081351689612
632 0.5816124322069254
633 0.5816124322069254
634 0.5816124322069254
635 0.5816124322069254
636 0.5818731748018356
637 0.5818731748018356
638 0.5818731748018356
639 0.5818731748018356
640 0.5818731748018356
641 0.5819774718397998
642 0.5819774718397998
643 0.5819774718397998
644 0.5820817688777639
645 0.5820817688777639
646 0.5820817688777639
647 0.5820817688777639
648 0.5820817688777639
649 0.5820817688777639
650 0.58223821443471
651 0.5824989570296204
652 0.5824989570296204
653 0.5824989570296204
654 0.5824989570296204
655 0.5824989570296204
656 0.5824989570296204
657 0.5825511055486025
658 0.5825511055486025
659 0.5825511055486025
660 0.5825511055486025
661 0.5825511055486025
662 0.5825511055486025
663 0.5825511055486025
664 0.5825511055486025
665 0.5826032540675845
666 0.5826554025865666
667 0.5827075511055486
668 0.5827596996245307
669 0.5827596996245307
670 0.5827596996245307
671 0.5827596996245307
672 0.5827596996245307
673 0.5828118481435127
674 0.5828118481435127
675 0.5828118481435127
676 0.5828118481435127
677 0.5828118481435127
678 0.5828118481435127
679 0.5829161451814768
680 0.5830204422194409
681 0.5831768877763871
682 0.5831768877763871
683 0.5831768877763871
684 0.5831768877763871
685 0.5831768877763871
686 0.5831768877763871
687 0.5831768877763871
688 0.5831768877763871
689 0.5831768877763871
690 0.5831768877763871
691 0.5831768877763871
692 0.5831768877763871
693 0.5831768877763871
694 0.5831768877763871
695 0.5831768877763871
696 0.5832811848143513
697 0.5832811848143513
698 0.5832811848143513
699 0.5832811848143513
700 0.5833333333333334
701 0.5833854818523154
702 0.5833854818523154
703 0.5833854818523154
704 0.5833854818523154
705 0.5833854818523154
706 0.5833854818523154
707 0.5833854818523154
708 0.5834376303712975
709 0.5834376303712975
710 0.5834376303712975
711 0.5836983729662077
712 0.5836983729662077
713 0.5836983729662077
714 0.5836983729662077
715 0.5836983729662077
716 0.5836983729662077
717 0.5836983729662077
718 0.5836983729662077
719 0.583906967042136
720 0.583959115561118
721 0.5840634125990822
722 0.5840634125990822
723 0.5840634125990822
724 0.5845848977889028
725 0.5845848977889028
726 0.5845848977889028
727 0.5845848977889028
728 0.5845848977889028
729 0.5845848977889028
730 0.5846370463078848
731 0.5846370463078848
732 0.5846370463078848
733 0.5846370463078848
734 0.5848456403838131
735 0.5848456403838131
736 0.5848977889027952
737 0.5848977889027952
738 0.5848977889027952
739 0.5848977889027952
740 0.5848977889027952
741 0.5851063829787234
742 0.5851063829787234
743 0.5851063829787234
744 0.5851063829787234
745 0.5851063829787234
746 0.5852106800166875
747 0.5852106800166875
748 0.5852106800166875
749 0.5852106800166875
750 0.5852106800166875
751 0.5852106800166875
752 0.5852106800166875
753 0.5852106800166875
754 0.5852106800166875
755 0.5852106800166875
756 0.5852106800166875
757 0.5852106800166875
758 0.5852106800166875
759 0.5854192740926157
760 0.5854192740926157
761 0.5854192740926157
762 0.5854714226115978
763 0.5854714226115978
764 0.5854714226115978
765 0.5854714226115978
766 0.5854714226115978
767 0.5854714226115978
768 0.5854714226115978
769 0.5854714226115978
770 0.5854714226115978
771 0.5854714226115978
772 0.5855235711305798
773 0.5855235711305798
774 0.5855235711305798
775 0.5855235711305798
776 0.5855235711305798
777 0.5855235711305798
778 0.5855235711305798
779 0.5855235711305798
780 0.5855235711305798
781 0.5855235711305798
782 0.5855235711305798
783 0.5855235711305798
784 0.5855757196495619
785 0.5855757196495619
786 0.5855757196495619
787 0.5855757196495619
788 0.5856278681685441
789 0.5856278681685441
790 0.5856278681685441
791 0.5856278681685441
792 0.5856278681685441
793 0.5856278681685441
794 0.5856278681685441
795 0.5857321652065082
796 0.5857321652065082
797 0.5857321652065082
798 0.5857321652065082
799 0.5857321652065082
800 0.5857321652065082
801 0.5857321652065082
802 0.5857321652065082
803 0.5857321652065082
804 0.5857321652065082
805 0.5857321652065082
806 0.5857321652065082
807 0.5859407592824364
808 0.5859407592824364
809 0.5859407592824364
810 0.5859929078014184
811 0.5859929078014184
812 0.5859929078014184
813 0.5861493533583646
814 0.5861493533583646
815 0.5861493533583646
816 0.5862536503963287
817 0.5862536503963287
818 0.5862536503963287
819 0.5862536503963287
820 0.5862536503963287
821 0.5862536503963287
822 0.5862536503963287
823 0.5862536503963287
824 0.5862536503963287
825 0.5862536503963287
826 0.5862536503963287
827 0.5862536503963287
828 0.5862536503963287
829 0.5862536503963287
830 0.5862536503963287
831 0.5862536503963287
832 0.5862536503963287
833 0.5862536503963287
834 0.5862536503963287
835 0.5863579474342928
836 0.5863579474342928
837 0.586410095953275
838 0.5865665415102211
839 0.5865665415102211
840 0.5865665415102211
841 0.5865665415102211
842 0.5865665415102211
843 0.5865665415102211
844 0.5865665415102211
845 0.5865665415102211
846 0.5866708385481852
847 0.5866708385481852
848 0.5866708385481852
849 0.5867751355861494
850 0.5867751355861494
851 0.5867751355861494
852 0.5867751355861494
853 0.5867751355861494
854 0.5867751355861494
855 0.5867751355861494
856 0.5868794326241135
857 0.5868794326241135
858 0.5869315811430955
859 0.5869315811430955
860 0.5869315811430955
861 0.5869315811430955
862 0.5869315811430955
863 0.5869315811430955
864 0.5869315811430955
865 0.5869315811430955
866 0.5869315811430955
867 0.5869315811430955
868 0.5869837296620776
869 0.5869837296620776
870 0.5869837296620776
871 0.5869837296620776
872 0.5869837296620776
873 0.5869837296620776
874 0.5869837296620776
875 0.5869837296620776
876 0.5869837296620776
877 0.5870358781810596
878 0.5870880267000417
879 0.5870880267000417
880 0.5870880267000417
881 0.5870880267000417
882 0.5870880267000417
883 0.5870880267000417
884 0.5871923237380059
885 0.5871923237380059
886 0.5871923237380059
887 0.5871923237380059
888 0.5871923237380059
889 0.5871923237380059
890 0.5871923237380059
891 0.5871923237380059
892 0.5871923237380059
893 0.58729662077597
894 0.58729662077597
895 0.58729662077597
896 0.58729662077597
897 0.58729662077597
898 0.5873487692949521
899 0.5873487692949521
900 0.5873487692949521
901 0.5873487692949521
902 0.5873487692949521
903 0.5873487692949521
904 0.5873487692949521
905 0.5873487692949521
906 0.5873487692949521
907 0.5873487692949521
908 0.5873487692949521
909 0.5873487692949521
910 0.5873487692949521
911 0.5873487692949521
912 0.5873487692949521
913 0.5873487692949521
914 0.5873487692949521
915 0.5873487692949521
916 0.5873487692949521
917 0.5873487692949521
918 0.5873487692949521
919 0.5873487692949521
920 0.5876616604088444
921 0.5876616604088444
922 0.5883395911556112
923 0.5883395911556112
924 0.5883395911556112
925 0.5883395911556112
926 0.5883395911556112
927 0.5883395911556112
928 0.5883395911556112
929 0.5883917396745932
930 0.5883917396745932
931 0.5883917396745932
932 0.5883917396745932
933 0.5883917396745932
934 0.5883917396745932
935 0.5883917396745932
936 0.5883917396745932
937 0.5885481852315394
938 0.5885481852315394
939 0.5885481852315394
940 0.5885481852315394
941 0.5885481852315394
942 0.5886003337505215
943 0.5886003337505215
944 0.5886003337505215
945 0.5886003337505215
946 0.5886003337505215
947 0.5886003337505215
948 0.5886524822695035
949 0.5886524822695035
950 0.5886524822695035
951 0.5888089278264498
952 0.5888610763454318
953 0.5888610763454318
954 0.5888610763454318
955 0.5889653733833959
956 0.5889653733833959
957 0.5889653733833959
958 0.5889653733833959
959 0.5889653733833959
960 0.5889653733833959
961 0.5889653733833959
962 0.5889653733833959
963 0.5889653733833959
964 0.5889653733833959
965 0.5889653733833959
966 0.5889653733833959
967 0.5889653733833959
968 0.5889653733833959
969 0.5889653733833959
970 0.5891739674593242
971 0.5891739674593242
972 0.5891739674593242
973 0.5891739674593242
974 0.5891739674593242
975 0.5891739674593242
976 0.5891739674593242
977 0.5891739674593242
978 0.5891739674593242
979 0.5891739674593242
980 0.5891739674593242
981 0.5892261159783062
982 0.5892261159783062
983 0.5892261159783062
984 0.5892261159783062
985 0.5892261159783062
986 0.5892261159783062
987 0.5892261159783062
988 0.5892261159783062
989 0.5892261159783062
990 0.5892261159783062
991 0.5892261159783062
992 0.5892261159783062
993 0.5892261159783062
994 0.5892261159783062
995 0.5892261159783062
996 0.5892261159783062
997 0.5892261159783062
998 0.5892261159783062
999 0.5892261159783062
