1 0.5042240300375469
2 0.5042240300375469
3 0.5053712974551523
4 0.5071443471005423
5 0.5093345848977889
6 0.5107425949103045
7 0.5107947434292867
8 0.5114726741760534
9 0.512828535669587
10 0.5139236545682102
11 0.5143929912390488
12 0.5143929912390488
13 0.5143929912390488
14 0.5149666249478515
15 0.5171047142261159
16 0.5171047142261159
17 0.5171047142261159
18 0.5171047142261159
19 0.5171047142261159
20 0.5171047142261159
21 0.5186170212765957
22 0.5186170212765957
23 0.5186170212765957
24 0.5186170212765957
25 0.5186170212765957
26 0.5186170212765957
27 0.5186170212765957
28 0.5186170212765957
29 0.5186170212765957
30 0.5186170212765957
31 0.518825615352524
32 0.518825615352524
33 0.518825615352524
34 0.518825615352524
35 0.518825615352524
36 0.518825615352524
37 0.518825615352524
38 0.518825615352524
39 0.518825615352524
40 0.5190863579474343
41 0.5190863579474343
42 0.5190863579474343
43 0.5190863579474343
44 0.5190863579474343
45 0.5190863579474343
46 0.5190863579474343
47 0.5190863579474343
48 0.5190863579474343
49 0.5190863579474343
50 0.5195035460992907
51 0.5195035460992907
52 0.5195035460992907
53 0.5195035460992907
54 0.5195035460992907
55 0.5195035460992907
56 0.5195035460992907
57 0.5195035460992907
58 0.5195035460992907
59 0.5195035460992907
60 0.5195035460992907
61 0.5195035460992907
62 0.5195035460992907
63 0.5195035460992907
64 0.5195035460992907
65 0.5195035460992907
66 0.5195035460992907
67 0.5195035460992907
68 0.5195035460992907
69 0.5195035460992907
70 0.5195035460992907
71 0.5195035460992907
72 0.5195035460992907
73 0.5195035460992907
74 0.5195035460992907
75 0.5201293283270755
76 0.5201293283270755
77 0.5201293283270755
78 0.5201293283270755
79 0.5201293283270755
80 0.5201293283270755
81 0.5201293283270755
82 0.5201293283270755
83 0.5201293283270755
84 0.5201293283270755
85 0.5201293283270755
86 0.5201293283270755
87 0.5201293283270755
88 0.5201293283270755
89 0.5201293283270755
90 0.5201293283270755
91 0.5201293283270755
92 0.5201293283270755
93 0.5201293283270755
94 0.5201293283270755
95 0.5201293283270755
96 0.5201293283270755
97 0.5201293283270755
98 0.5201293283270755
99 0.5201293283270755
100 0.5201293283270755
101 0.5201293283270755
102 0.5201293283270755
103 0.5201293283270755
104 0.5201293283270755
105 0.5201293283270755
106 0.5201293283270755
107 0.5201293283270755
108 0.5201293283270755
109 0.5201293283270755
110 0.5201293283270755
111 0.5201293283270755
112 0.5201293283270755
113 0.5201293283270755
114 0.5201293283270755
115 0.5201293283270755
116 0.5201293283270755
117 0.520546516478932
118 0.520546516478932
119 0.520546516478932
120 0.520546516478932
121 0.520546516478932
122 0.520546516478932
123 0.520546516478932
124 0.520546516478932
125 0.520546516478932
126 0.520546516478932
127 0.520546516478932
128 0.520546516478932
129 0.520546516478932
130 0.520546516478932
131 0.520546516478932
132 0.520546516478932
133 0.520546516478932
134 0.520546516478932
135 0.520546516478932
136 0.520546516478932
137 0.520546516478932
138 0.520546516478932
139 0.520546516478932
140 0.520546516478932
141 0.520546516478932
142 0.520546516478932
143 0.520546516478932
144 0.520546516478932
145 0.520546516478932
146 0.520546516478932
147 0.520546516478932
148 0.520546516478932
149 0.520546516478932
150 0.520546516478932
151 0.520546516478932
152 0.520546516478932
153 0.520546516478932
154 0.520546516478932
155 0.520546516478932
156 0.520546516478932
157 0.520546516478932
158 0.520546516478932
159 0.520546516478932
160 0.520546516478932
161 0.520546516478932
162 0.520546516478932
163 0.520546516478932
164 0.520546516478932
165 0.520546516478932
166 0.520546516478932
167 0.520546516478932
168 0.520546516478932
169 0.520546516478932
170 0.520546516478932
171 0.520546516478932
172 0.520546516478932
173 0.520546516478932
174 0.520546516478932
175 0.520546516478932
176 0.520546516478932
177 0.520546516478932
178 0.520546516478932
179 0.520546516478932
180 0.520546516478932
181 0.520546516478932
182 0.520546516478932
183 0.520546516478932
184 0.520546516478932
185 0.520546516478932
186 0.520546516478932
187 0.520546516478932
188 0.520546516478932
189 0.520546516478932
190 0.520546516478932
191 0.520546516478932
192 0.520546516478932
193 0.520546516478932
194 0.520546516478932
195 0.520546516478932
196 0.520546516478932
197 0.520546516478932
198 0.520546516478932
199 0.520546516478932
200 0.520546516478932
201 0.520546516478932
202 0.520546516478932
203 0.520546516478932
204 0.520546516478932
205 0.520546516478932
206 0.520546516478932
207 0.520546516478932
208 0.520546516478932
209 0.520546516478932
210 0.520546516478932
211 0.520546516478932
212 0.520546516478932
213 0.520546516478932
214 0.520546516478932
215 0.520546516478932
216 0.520546516478932
217 0.520546516478932
218 0.520546516478932
219 0.520546516478932
220 0.520546516478932
221 0.520546516478932
222 0.520546516478932
223 0.520546516478932
224 0.520546516478932
225 0.520546516478932
226 0.520546516478932
227 0.520546516478932
228 0.520546516478932
229 0.520546516478932
230 0.520546516478932
231 0.520546516478932
232 0.520546516478932
233 0.520546516478932
234 0.520546516478932
235 0.520546516478932
236 0.520546516478932
237 0.520546516478932
238 0.520546516478932
239 0.520546516478932
240 0.520546516478932
241 0.520546516478932
242 0.520546516478932
243 0.520546516478932
244 0.520546516478932
245 0.520546516478932
246 0.520546516478932
247 0.520546516478932
248 0.520546516478932
249 0.520546516478932
250 0.520546516478932
251 0.520546516478932
252 0.520546516478932
253 0.520546516478932
254 0.520546516478932
255 0.520546516478932
256 0.520546516478932
257 0.520546516478932
258 0.520546516478932
259 0.520546516478932
260 0.520546516478932
261 0.520546516478932
262 0.520546516478932
263 0.520546516478932
264 0.520546516478932
265 0.520546516478932
266 0.520546516478932
267 0.520546516478932
268 0.520546516478932
269 0.520546516478932
270 0.520546516478932
271 0.520546516478932
272 0.520546516478932
273 0.520546516478932
274 0.520546516478932
275 0.520546516478932
276 0.520546516478932
277 0.520546516478932
278 0.520546516478932
279 0.520546516478932
280 0.520546516478932
281 0.520546516478932
282 0.520546516478932
283 0.520546516478932
284 0.520546516478932
285 0.520546516478932
286 0.520546516478932
287 0.520546516478932
288 0.520546516478932
289 0.520546516478932
290 0.520546516478932
291 0.520546516478932
292 0.520546516478932
293 0.520546516478932
294 0.520546516478932
295 0.520546516478932
296 0.520546516478932
297 0.520546516478932
298 0.520546516478932
299 0.520546516478932
300 0.520546516478932
301 0.520546516478932
302 0.520546516478932
303 0.520546516478932
304 0.520546516478932
305 0.520546516478932
306 0.520546516478932
307 0.520546516478932
308 0.520546516478932
309 0.520546516478932
310 0.520546516478932
311 0.520546516478932
312 0.520546516478932
313 0.520546516478932
314 0.520546516478932
315 0.520546516478932
316 0.520546516478932
317 0.520546516478932
318 0.520546516478932
319 0.520546516478932
320 0.520546516478932
321 0.520546516478932
322 0.520546516478932
323 0.520546516478932
324 0.520546516478932
325 0.520546516478932
326 0.520546516478932
327 0.520546516478932
328 0.520546516478932
329 0.520546516478932
330 0.520546516478932
331 0.520546516478932
332 0.520546516478932
333 0.520546516478932
334 0.520546516478932
335 0.520546516478932
336 0.520546516478932
337 0.520546516478932
338 0.520546516478932
339 0.520546516478932
340 0.520546516478932
341 0.520546516478932
342 0.520546516478932
343 0.520546516478932
344 0.520546516478932
345 0.520546516478932
346 0.520546516478932
347 0.520546516478932
348 0.520546516478932
349 0.520546516478932
350 0.520546516478932
351 0.520546516478932
352 0.520546516478932
353 0.520546516478932
354 0.520546516478932
355 0.520546516478932
356 0.520546516478932
357 0.520546516478932
358 0.520546516478932
359 0.520546516478932
360 0.520546516478932
361 0.520546516478932
362 0.520546516478932
363 0.520546516478932
364 0.520546516478932
365 0.520546516478932
366 0.520546516478932
367 0.520546516478932
368 0.520546516478932
369 0.520546516478932
370 0.520546516478932
371 0.520546516478932
372 0.520546516478932
373 0.520546516478932
374 0.520546516478932
375 0.520546516478932
376 0.520546516478932
377 0.520546516478932
378 0.520546516478932
379 0.520546516478932
380 0.520546516478932
381 0.520546516478932
382 0.520546516478932
383 0.520546516478932
384 0.520546516478932
385 0.520546516478932
386 0.520546516478932
387 0.520546516478932
388 0.520546516478932
389 0.520546516478932
390 0.520546516478932
391 0.520546516478932
392 0.520546516478932
393 0.520546516478932
394 0.520546516478932
395 0.520546516478932
396 0.520546516478932
397 0.520546516478932
398 0.520546516478932
399 0.520546516478932
400 0.520546516478932
401 0.520546516478932
402 0.520546516478932
403 0.520546516478932
404 0.520546516478932
405 0.520546516478932
406 0.520546516478932
407 0.520546516478932
408 0.520546516478932
409 0.520546516478932
410 0.520546516478932
411 0.520546516478932
412 0.520546516478932
413 0.520546516478932
414 0.520546516478932
415 0.520546516478932
416 0.520546516478932
417 0.520546516478932
418 0.520546516478932
419 0.520546516478932
420 0.520546516478932
421 0.520546516478932
422 0.520546516478932
423 0.520546516478932
424 0.520546516478932
425 0.520546516478932
426 0.520546516478932
427 0.520546516478932
428 0.520546516478932
429 0.520546516478932
430 0.520546516478932
431 0.520546516478932
432 0.520546516478932
433 0.520546516478932
434 0.520546516478932
435 0.520546516478932
436 0.520546516478932
437 0.520546516478932
438 0.520546516478932
439 0.520546516478932
440 0.520546516478932
441 0.520546516478932
442 0.520546516478932
443 0.520546516478932
444 0.520546516478932
445 0.520546516478932
446 0.520546516478932
447 0.520546516478932
448 0.520546516478932
449 0.520546516478932
450 0.520546516478932
451 0.520546516478932
452 0.520546516478932
453 0.520546516478932
454 0.520546516478932
455 0.520546516478932
456 0.520546516478932
457 0.520546516478932
458 0.520546516478932
459 0.520546516478932
460 0.520546516478932
461 0.520546516478932
462 0.520546516478932
463 0.520546516478932
464 0.520546516478932
465 0.520546516478932
466 0.520546516478932
467 0.520546516478932
468 0.520546516478932
469 0.520546516478932
470 0.520546516478932
471 0.520546516478932
472 0.520546516478932
473 0.520546516478932
474 0.520546516478932
475 0.520546516478932
476 0.520546516478932
477 0.520546516478932
478 0.520546516478932
479 0.520546516478932
480 0.520546516478932
481 0.520546516478932
482 0.520546516478932
483 0.520546516478932
484 0.520546516478932
485 0.520546516478932
486 0.520546516478932
487 0.520546516478932
488 0.520546516478932
489 0.520546516478932
490 0.520546516478932
491 0.520546516478932
492 0.520546516478932
493 0.520546516478932
494 0.520546516478932
495 0.520546516478932
496 0.520546516478932
497 0.520546516478932
498 0.520546516478932
499 0.520546516478932
500 0.520546516478932
501 0.520546516478932
502 0.520546516478932
503 0.520546516478932
504 0.520546516478932
505 0.520546516478932
506 0.520546516478932
507 0.520546516478932
508 0.520546516478932
509 0.520546516478932
510 0.520546516478932
511 0.520546516478932
512 0.520546516478932
513 0.520546516478932
514 0.520546516478932
515 0.520546516478932
516 0.520546516478932
517 0.520546516478932
518 0.520546516478932
519 0.520546516478932
520 0.520546516478932
521 0.520546516478932
522 0.520546516478932
523 0.520546516478932
524 0.520546516478932
525 0.520546516478932
526 0.520546516478932
527 0.520546516478932
528 0.520546516478932
529 0.520546516478932
530 0.520546516478932
531 0.520546516478932
532 0.520546516478932
533 0.520546516478932
534 0.520546516478932
535 0.520546516478932
536 0.520546516478932
537 0.520546516478932
538 0.520546516478932
539 0.520546516478932
540 0.520546516478932
541 0.520546516478932
542 0.520546516478932
543 0.520546516478932
544 0.520546516478932
545 0.520546516478932
546 0.520546516478932
547 0.520546516478932
548 0.520546516478932
549 0.520546516478932
550 0.520546516478932
551 0.520546516478932
552 0.520546516478932
553 0.520546516478932
554 0.520546516478932
555 0.520546516478932
556 0.520546516478932
557 0.520546516478932
558 0.520546516478932
559 0.520546516478932
560 0.520546516478932
561 0.520546516478932
562 0.520546516478932
563 0.520546516478932
564 0.520546516478932
565 0.520546516478932
566 0.520546516478932
567 0.520546516478932
568 0.520546516478932
569 0.520546516478932
570 0.520546516478932
571 0.520546516478932
572 0.520546516478932
573 0.520546516478932
574 0.520546516478932
575 0.520546516478932
576 0.520546516478932
577 0.520546516478932
578 0.520546516478932
579 0.520546516478932
580 0.520546516478932
581 0.520546516478932
582 0.520546516478932
583 0.520546516478932
584 0.520546516478932
585 0.520546516478932
586 0.520546516478932
587 0.520546516478932
588 0.520546516478932
589 0.520546516478932
590 0.520546516478932
591 0.520546516478932
592 0.520546516478932
593 0.520546516478932
594 0.520546516478932
595 0.520546516478932
596 0.520546516478932
597 0.520546516478932
598 0.520546516478932
599 0.520546516478932
600 0.520546516478932
601 0.520546516478932
602 0.520546516478932
603 0.520546516478932
604 0.520546516478932
605 0.520546516478932
606 0.520546516478932
607 0.520546516478932
608 0.520546516478932
609 0.520546516478932
610 0.520546516478932
611 0.520546516478932
612 0.520546516478932
613 0.520546516478932
614 0.520546516478932
615 0.520546516478932
616 0.520546516478932
617 0.520546516478932
618 0.520546516478932
619 0.520546516478932
620 0.520546516478932
621 0.520546516478932
622 0.520546516478932
623 0.520546516478932
624 0.520546516478932
625 0.520546516478932
626 0.520546516478932
627 0.520546516478932
628 0.520546516478932
629 0.520546516478932
630 0.520546516478932
631 0.520546516478932
632 0.520546516478932
633 0.520546516478932
634 0.520546516478932
635 0.520546516478932
636 0.520546516478932
637 0.520546516478932
638 0.520546516478932
639 0.520546516478932
640 0.520546516478932
641 0.520546516478932
642 0.520546516478932
643 0.520546516478932
644 0.520546516478932
645 0.520546516478932
646 0.520546516478932
647 0.520546516478932
648 0.520546516478932
649 0.520546516478932
650 0.520546516478932
651 0.520546516478932
652 0.520546516478932
653 0.520546516478932
654 0.520546516478932
655 0.520546516478932
656 0.520546516478932
657 0.520546516478932
658 0.520546516478932
659 0.520546516478932
660 0.520546516478932
661 0.520546516478932
662 0.520546516478932
663 0.520546516478932
664 0.520546516478932
665 0.520546516478932
666 0.520546516478932
667 0.520546516478932
668 0.520546516478932
669 0.520546516478932
670 0.520546516478932
671 0.520546516478932
672 0.520546516478932
673 0.520546516478932
674 0.520546516478932
675 0.520546516478932
676 0.520546516478932
677 0.520546516478932
678 0.520546516478932
679 0.520546516478932
680 0.520546516478932
681 0.520546516478932
682 0.520546516478932
683 0.520546516478932
684 0.520546516478932
685 0.520546516478932
686 0.520546516478932
687 0.520546516478932
688 0.520546516478932
689 0.520546516478932
690 0.520546516478932
691 0.520546516478932
692 0.520546516478932
693 0.520546516478932
694 0.520546516478932
695 0.520546516478932
696 0.520546516478932
697 0.520546516478932
698 0.520546516478932
699 0.520546516478932
700 0.520546516478932
701 0.520546516478932
702 0.520546516478932
703 0.520546516478932
704 0.520546516478932
705 0.520546516478932
706 0.520546516478932
707 0.520546516478932
708 0.520546516478932
709 0.520546516478932
710 0.520546516478932
711 0.520546516478932
712 0.520546516478932
713 0.520546516478932
714 0.520546516478932
715 0.520546516478932
716 0.520546516478932
717 0.520546516478932
718 0.520546516478932
719 0.520546516478932
720 0.520546516478932
721 0.520546516478932
722 0.520546516478932
723 0.520546516478932
724 0.520546516478932
725 0.520546516478932
726 0.520546516478932
727 0.520546516478932
728 0.520546516478932
729 0.520546516478932
730 0.520546516478932
731 0.520546516478932
732 0.520546516478932
733 0.520546516478932
734 0.520546516478932
735 0.520546516478932
736 0.520546516478932
737 0.520546516478932
738 0.520546516478932
739 0.520546516478932
740 0.520546516478932
741 0.520546516478932
742 0.520546516478932
743 0.520546516478932
744 0.520546516478932
745 0.520546516478932
746 0.520546516478932
747 0.520546516478932
748 0.520546516478932
749 0.520546516478932
750 0.520546516478932
751 0.520546516478932
752 0.520546516478932
753 0.520546516478932
754 0.520546516478932
755 0.520546516478932
756 0.520546516478932
757 0.520546516478932
758 0.520546516478932
759 0.520546516478932
760 0.520546516478932
761 0.520546516478932
762 0.520546516478932
763 0.520546516478932
764 0.520546516478932
765 0.520546516478932
766 0.520546516478932
767 0.520546516478932
768 0.520546516478932
769 0.520546516478932
770 0.520546516478932
771 0.520546516478932
772 0.520546516478932
773 0.520546516478932
774 0.520546516478932
775 0.520546516478932
776 0.520546516478932
777 0.520546516478932
778 0.520546516478932
779 0.520546516478932
780 0.520546516478932
781 0.520546516478932
782 0.520546516478932
783 0.520546516478932
784 0.520546516478932
785 0.520546516478932
786 0.520546516478932
787 0.520546516478932
788 0.520546516478932
789 0.520546516478932
790 0.520546516478932
791 0.520546516478932
792 0.520546516478932
793 0.520546516478932
794 0.520546516478932
795 0.520546516478932
796 0.520546516478932
797 0.520546516478932
798 0.520546516478932
799 0.520546516478932
800 0.520546516478932
801 0.520546516478932
802 0.520546516478932
803 0.520546516478932
804 0.520546516478932
805 0.520546516478932
806 0.520546516478932
807 0.520546516478932
808 0.520546516478932
809 0.520546516478932
810 0.520546516478932
811 0.520546516478932
812 0.520546516478932
813 0.520546516478932
814 0.520546516478932
815 0.520546516478932
816 0.520546516478932
817 0.520546516478932
818 0.520546516478932
819 0.520546516478932
820 0.520546516478932
821 0.520546516478932
822 0.520546516478932
823 0.520546516478932
824 0.520546516478932
825 0.520546516478932
826 0.520546516478932
827 0.520546516478932
828 0.520546516478932
829 0.520546516478932
830 0.520546516478932
831 0.520546516478932
832 0.520546516478932
833 0.520546516478932
834 0.520546516478932
835 0.520546516478932
836 0.520546516478932
837 0.520546516478932
838 0.520546516478932
839 0.520546516478932
840 0.520546516478932
841 0.520546516478932
842 0.520546516478932
843 0.520546516478932
844 0.520546516478932
845 0.520546516478932
846 0.520546516478932
847 0.520546516478932
848 0.520546516478932
849 0.520546516478932
850 0.520546516478932
851 0.520546516478932
852 0.520546516478932
853 0.520546516478932
854 0.520546516478932
855 0.520546516478932
856 0.520546516478932
857 0.520546516478932
858 0.520546516478932
859 0.520546516478932
860 0.520546516478932
861 0.520546516478932
862 0.520546516478932
863 0.520546516478932
864 0.520546516478932
865 0.520546516478932
866 0.520546516478932
867 0.520546516478932
868 0.520546516478932
869 0.520546516478932
870 0.520546516478932
871 0.520546516478932
872 0.520546516478932
873 0.520546516478932
874 0.520546516478932
875 0.520546516478932
876 0.520546516478932
877 0.520546516478932
878 0.520546516478932
879 0.520546516478932
880 0.520546516478932
881 0.520546516478932
882 0.520546516478932
883 0.520546516478932
884 0.520546516478932
885 0.520546516478932
886 0.520546516478932
887 0.520546516478932
888 0.520546516478932
889 0.520546516478932
890 0.520546516478932
891 0.520546516478932
892 0.520546516478932
893 0.520546516478932
894 0.520546516478932
895 0.520546516478932
896 0.520546516478932
897 0.520546516478932
898 0.520546516478932
899 0.520546516478932
900 0.520546516478932
901 0.520546516478932
902 0.520546516478932
903 0.520546516478932
904 0.520546516478932
905 0.520546516478932
906 0.520546516478932
907 0.520546516478932
908 0.520546516478932
909 0.520546516478932
910 0.520546516478932
911 0.520546516478932
912 0.520546516478932
913 0.520546516478932
914 0.520546516478932
915 0.520546516478932
916 0.520546516478932
917 0.520546516478932
918 0.520546516478932
919 0.520546516478932
920 0.520546516478932
921 0.520546516478932
922 0.520546516478932
923 0.520546516478932
924 0.520546516478932
925 0.520546516478932
926 0.520546516478932
927 0.520546516478932
928 0.520546516478932
929 0.520546516478932
930 0.520546516478932
931 0.520546516478932
932 0.520546516478932
933 0.520546516478932
934 0.520546516478932
935 0.520546516478932
936 0.520546516478932
937 0.520546516478932
938 0.520546516478932
939 0.520546516478932
940 0.520546516478932
941 0.520546516478932
942 0.520546516478932
943 0.520546516478932
944 0.520546516478932
945 0.520546516478932
946 0.520546516478932
947 0.520546516478932
948 0.520546516478932
949 0.520546516478932
950 0.520546516478932
951 0.520546516478932
952 0.520546516478932
953 0.520546516478932
954 0.520546516478932
955 0.520546516478932
956 0.520546516478932
957 0.520546516478932
958 0.520546516478932
959 0.520546516478932
960 0.520546516478932
961 0.520546516478932
962 0.520546516478932
963 0.520546516478932
964 0.520546516478932
965 0.520546516478932
966 0.520546516478932
967 0.520546516478932
968 0.520546516478932
969 0.520546516478932
970 0.520546516478932
971 0.520546516478932
972 0.520546516478932
973 0.520546516478932
974 0.520546516478932
975 0.520546516478932
976 0.520546516478932
977 0.520546516478932
978 0.520546516478932
979 0.520546516478932
980 0.520546516478932
981 0.520546516478932
982 0.520546516478932
983 0.520546516478932
984 0.520546516478932
985 0.520546516478932
986 0.520546516478932
987 0.520546516478932
988 0.520546516478932
989 0.520546516478932
990 0.520546516478932
991 0.520546516478932
992 0.520546516478932
993 0.520546516478932
994 0.520546516478932
995 0.520546516478932
996 0.520546516478932
997 0.520546516478932
998 0.520546516478932
999 0.520546516478932
