1 0.507665832290363
2 0.5115248226950354
3 0.5122549019607843
4 0.5124634960367126
5 0.512880684188569
6 0.5132457238214435
7 0.5138193575302461
8 0.5146537338339591
9 0.5152795160617438
10 0.51543596161869
11 0.5156967042136004
12 0.516270337922403
13 0.5166875260742595
14 0.5171047142261159
15 0.5175219023779725
16 0.5178869420108468
17 0.5184605757196495
18 0.5189820609094702
19 0.5193992490613266
20 0.5198164372131832
21 0.5204422194409679
22 0.5209637046307884
23 0.521433041301627
24 0.5218502294534835
25 0.5218502294534835
26 0.5224760116812682
27 0.5229974968710889
28 0.5235711305798916
29 0.5238840216937839
30 0.5242490613266583
31 0.5243012098456404
32 0.5252398831873175
33 0.5252398831873175
34 0.525761368377138
35 0.5262307050479766
36 0.5264914476428869
37 0.5266478931998331
38 0.5272736754276178
39 0.5274822695035462
40 0.5276387150604923
41 0.5282644972882771
42 0.5285252398831873
43 0.5292031706299541
44 0.5294639132248644
45 0.5296725073007926
46 0.5300896954526492
47 0.5304547350855235
48 0.5313412599082186
49 0.5314977054651648
50 0.531654151022111
51 0.5318105965790572
52 0.5321234876929495
53 0.5325928243637881
54 0.5325928243637881
55 0.5326449728827701
56 0.5330100125156445
57 0.5332186065915728
58 0.5340529828952858
59 0.534209428452232
60 0.5343137254901961
61 0.5344701710471422
62 0.5348352106800167
63 0.5348873591989988
64 0.5354088443888193
65 0.5355131414267835
66 0.5357217355027117
67 0.5358781810596579
68 0.5360867751355861
69 0.5363475177304965
70 0.5369211514392991
71 0.5371818940342095
72 0.5373383395911556
73 0.5374947851481018
74 0.5378076762619941
75 0.5381205673758865
76 0.5382770129328327
77 0.5383813099707968
78 0.5384856070087609
79 0.538537755527743
80 0.5393199833124739
81 0.5393199833124739
82 0.5393199833124739
83 0.5394242803504381
84 0.5394242803504381
85 0.5396328744263663
86 0.5397371714643304
87 0.5397893199833125
88 0.5400500625782227
89 0.5400500625782227
90 0.5402065081351689
91 0.5407801418439716
92 0.5411451814768461
93 0.5413016270337923
94 0.5413016270337923
95 0.5415623696287025
96 0.5420317062995411
97 0.5420317062995411
98 0.5420317062995411
99 0.5422403003754693
100 0.5429703796412182
101 0.5430746766791823
102 0.5434397163120568
103 0.543700458906967
104 0.5437526074259491
105 0.5440133500208594
106 0.5441697955778055
107 0.5446912807676262
108 0.5448477263245723
109 0.5451606174384648
110 0.5453170629954109
111 0.5455256570713392
112 0.546203587818106
113 0.5465686274509803
114 0.5466729244889446
115 0.5469336670838548
116 0.5469336670838548
117 0.5469336670838548
118 0.5472465581977471
119 0.5475073007926575
120 0.5475073007926575
121 0.5476115978306216
122 0.5478723404255319
123 0.5481852315394243
124 0.5482895285773884
125 0.5484459741343346
126 0.5486024196912808
127 0.5487067167292449
128 0.5491239048811014
129 0.5493324989570296
130 0.5493324989570296
131 0.5493324989570296
132 0.5494367959949937
133 0.549645390070922
134 0.549749687108886
135 0.5499582811848144
136 0.5500625782227785
137 0.5503754693366708
138 0.5504276178556529
139 0.5506362119315812
140 0.5507405089695453
141 0.5510012515644556
142 0.5511576971214017
143 0.55136629119733
144 0.55136629119733
145 0.5515227367542762
146 0.5517313308302044
147 0.5518877763871506
148 0.5520442219440967
149 0.5523571130579892
150 0.5527743012098456
151 0.553087192323738
152 0.5532957863996663
153 0.5532957863996663
154 0.5534000834376304
155 0.5536608260325406
156 0.5537129745515227
157 0.553869420108469
158 0.553921568627451
159 0.5542866082603254
160 0.5542866082603254
161 0.5544952023362536
162 0.5546516478931999
163 0.554808093450146
164 0.5548602419691281
165 0.5551209845640384
166 0.5552252816020025
167 0.5552252816020025
168 0.5554860241969128
169 0.5557467667918231
170 0.5557467667918231
171 0.5562161034626617
172 0.5563204005006258
173 0.5564246975385899
174 0.556476846057572
175 0.556476846057572
176 0.5566854401335002
177 0.5566854401335002
178 0.5567897371714643
179 0.5568940342094284
180 0.5571547768043388
181 0.5571547768043388
182 0.5571547768043388
183 0.557415519399249
184 0.557415519399249
185 0.557415519399249
186 0.5576762619941593
187 0.5578848560700876
188 0.5578848560700876
189 0.5583020442219441
190 0.5583020442219441
191 0.5585106382978723
192 0.5587192323738006
193 0.5587192323738006
194 0.5587192323738006
195 0.5587713808927827
196 0.559084272006675
197 0.5594493116395495
198 0.5596057571964956
199 0.5596057571964956
200 0.5596579057154777
201 0.5598143512724238
202 0.5598664997914059
203 0.55997079682937
204 0.5600229453483521
205 0.5601793909052983
206 0.5602836879432624
207 0.5605444305381727
208 0.5607530246141009
209 0.5609094701710472
210 0.5610137672090113
211 0.5614309553608677
212 0.5617438464747602
213 0.5620045890696704
214 0.5620045890696704
215 0.5620045890696704
216 0.5620045890696704
217 0.5621610346266166
218 0.5623174801835628
219 0.5623696287025448
220 0.5623696287025448
221 0.5624217772215269
222 0.5624739257405089
223 0.5625782227784731
224 0.5625782227784731
225 0.5626303712974552
226 0.5627868168544014
227 0.5634125990821861
228 0.5635690446391323
229 0.5638297872340425
230 0.5640383813099707
231 0.5642469753858991
232 0.5644555694618273
233 0.5644555694618273
234 0.5647163120567376
235 0.5648727576136837
236 0.5652899457655403
237 0.5652899457655403
238 0.5654463913224864
239 0.5656028368794326
240 0.5656028368794326
241 0.5658114309553609
242 0.5660200250312891
243 0.5663850646641635
244 0.5663850646641635
245 0.5664893617021277
246 0.5664893617021277
247 0.5664893617021277
248 0.5664893617021277
249 0.5664893617021277
250 0.5665936587400918
251 0.56680225281602
252 0.56680225281602
253 0.5669586983729662
254 0.5672194409678765
255 0.5673758865248227
256 0.567584480600751
257 0.567584480600751
258 0.567636629119733
259 0.5678973717146433
260 0.5679495202336253
261 0.5679495202336253
262 0.5680016687526074
263 0.5680538172715894
264 0.5682102628285357
265 0.5683667083854819
266 0.5683667083854819
267 0.568523153942428
268 0.5685753024614101
269 0.5686795994993742
270 0.5686795994993742
271 0.5688360450563203
272 0.5688881935753025
273 0.5689924906132666
274 0.5690446391322487
275 0.569357530246141
276 0.5697225698790155
277 0.5698268669169796
278 0.5698268669169796
279 0.5698268669169796
280 0.5699833124739258
281 0.570244055068836
282 0.5704526491447642
283 0.5704526491447642
284 0.5704526491447642
285 0.5704526491447642
286 0.5704526491447642
287 0.5704526491447642
288 0.5705569461827285
289 0.5706612432206926
290 0.5709219858156028
291 0.5710262828535669
292 0.571130579891531
293 0.571130579891531
294 0.571130579891531
295 0.571130579891531
296 0.571130579891531
297 0.5711827284105131
298 0.5712348769294952
299 0.5712348769294952
300 0.5712348769294952
301 0.5713913224864414
302 0.5715477680433876
303 0.5715999165623696
304 0.5716520650813517
305 0.5716520650813517
306 0.5716520650813517
307 0.5716520650813517
308 0.5716520650813517
309 0.5716520650813517
310 0.5718085106382979
311 0.5718606591572799
312 0.571964956195244
313 0.5721735502711723
314 0.5721735502711723
315 0.5722778473091364
316 0.5723299958281185
317 0.5723821443471006
318 0.5724342928660826
319 0.5724342928660826
320 0.5724342928660826
321 0.5724864413850647
322 0.5724864413850647
323 0.5724864413850647
324 0.5725385899040467
325 0.5725385899040467
326 0.5725385899040467
327 0.5726428869420108
328 0.5726950354609929
329 0.5729036295369212
330 0.5729557780559033
331 0.5730600750938674
332 0.5730600750938674
333 0.5731643721318315
334 0.5731643721318315
335 0.5731643721318315
336 0.5734251147267417
337 0.5734251147267417
338 0.5735815602836879
339 0.5735815602836879
340 0.57363370880267
341 0.5736858573216521
342 0.5736858573216521
343 0.5738423028785983
344 0.5738423028785983
345 0.5738423028785983
346 0.5739465999165624
347 0.5741030454735085
348 0.5741030454735085
349 0.5741030454735085
350 0.5743116395494368
351 0.5743116395494368
352 0.5745723821443471
353 0.5745723821443471
354 0.5746245306633292
355 0.5746245306633292
356 0.5746245306633292
357 0.5749374217772215
358 0.5749895702962036
359 0.5749895702962036
360 0.5749895702962036
361 0.5749895702962036
362 0.5749895702962036
363 0.5751981643721318
364 0.5754589069670422
365 0.5754589069670422
366 0.5754589069670422
367 0.5754589069670422
368 0.5755110554860242
369 0.5755632040050063
370 0.5756675010429704
371 0.5756675010429704
372 0.5757717980809345
373 0.5757717980809345
374 0.5758239465999165
375 0.5758760951188986
376 0.5758760951188986
377 0.5758760951188986
378 0.5758760951188986
379 0.5760325406758448
380 0.5760325406758448
381 0.5760325406758448
382 0.5760325406758448
383 0.5760846891948269
384 0.5760846891948269
385 0.5760846891948269
386 0.5760846891948269
387 0.5760846891948269
388 0.5760846891948269
389 0.5760846891948269
390 0.576188986232791
391 0.576188986232791
392 0.576188986232791
393 0.576188986232791
394 0.5762411347517731
395 0.5762411347517731
396 0.5763975803087192
397 0.5766583229036295
398 0.5766583229036295
399 0.5766583229036295
400 0.577023362536504
401 0.577023362536504
402 0.577023362536504
403 0.577023362536504
404 0.577023362536504
405 0.577023362536504
406 0.5771276595744681
407 0.5771798080934502
408 0.5772319566124322
409 0.5773362536503963
410 0.5773884021693784
411 0.5773884021693784
412 0.5773884021693784
413 0.5774926992073425
414 0.5774926992073425
415 0.5775969962453066
416 0.5775969962453066
417 0.5777012932832708
418 0.5777012932832708
419 0.5778055903212349
420 0.577909887359199
421 0.5779620358781811
422 0.5781184814351272
423 0.5781184814351272
424 0.5781184814351272
425 0.5781184814351272
426 0.5782749269920734
427 0.5782749269920734
428 0.5784313725490197
429 0.5786921151439299
430 0.5786921151439299
431 0.5786921151439299
432 0.5786921151439299
433 0.578744263662912
434 0.578744263662912
435 0.578744263662912
436 0.578744263662912
437 0.578744263662912
438 0.578796412181894
439 0.578796412181894
440 0.578796412181894
441 0.579578639966625
442 0.579578639966625
443 0.579578639966625
444 0.579578639966625
445 0.579578639966625
446 0.579578639966625
447 0.579630788485607
448 0.579630788485607
449 0.5797350855235711
450 0.5797350855235711
451 0.5798393825615352
452 0.5798393825615352
453 0.5798393825615352
454 0.5798393825615352
455 0.5798393825615352
456 0.5799436795994993
457 0.5799436795994993
458 0.5799436795994993
459 0.5799436795994993
460 0.5799436795994993
461 0.5799436795994993
462 0.5799436795994993
463 0.5799436795994993
464 0.5799958281184814
465 0.5800479766374635
466 0.5800479766374635
467 0.5800479766374635
468 0.5800479766374635
469 0.5800479766374635
470 0.5800479766374635
471 0.5800479766374635
472 0.5800479766374635
473 0.5800479766374635
474 0.5800479766374635
475 0.5800479766374635
476 0.5800479766374635
477 0.5800479766374635
478 0.5801001251564456
479 0.5801001251564456
480 0.5801001251564456
481 0.5801001251564456
482 0.5801001251564456
483 0.5802044221944097
484 0.5802044221944097
485 0.5802044221944097
486 0.5802044221944097
487 0.5802565707133918
488 0.5802565707133918
489 0.5802565707133918
490 0.5802565707133918
491 0.5803087192323738
492 0.5803087192323738
493 0.5803087192323738
494 0.5803087192323738
495 0.5803087192323738
496 0.5803087192323738
497 0.580517313308302
498 0.5805694618272841
499 0.5805694618272841
500 0.5805694618272841
501 0.5806216103462661
502 0.5806216103462661
503 0.5806216103462661
504 0.5806216103462661
505 0.5806216103462661
506 0.5806216103462661
507 0.5806216103462661
508 0.5806216103462661
509 0.5806216103462661
510 0.5806216103462661
511 0.5806216103462661
512 0.5806216103462661
513 0.5806216103462661
514 0.5806737588652482
515 0.5806737588652482
516 0.5806737588652482
517 0.5806737588652482
518 0.5806737588652482
519 0.5807259073842302
520 0.5807259073842302
521 0.5807259073842302
522 0.5807259073842302
523 0.5807259073842302
524 0.5807780559032123
525 0.5807780559032123
526 0.5807780559032123
527 0.5807780559032123
528 0.5807780559032123
529 0.5807780559032123
530 0.5807780559032123
531 0.5807780559032123
532 0.5807780559032123
533 0.5807780559032123
534 0.5807780559032123
535 0.5807780559032123
536 0.5808302044221945
537 0.5808823529411765
538 0.5809345014601586
539 0.5809345014601586
540 0.5809345014601586
541 0.5809345014601586
542 0.5809866499791406
543 0.5809866499791406
544 0.5809866499791406
545 0.5809866499791406
546 0.5809866499791406
547 0.5809866499791406
548 0.5809866499791406
549 0.5809866499791406
550 0.5809866499791406
551 0.5810387984981227
552 0.5810387984981227
553 0.5810387984981227
554 0.5810909470171047
555 0.5811952440550688
556 0.5811952440550688
557 0.5811952440550688
558 0.5811952440550688
559 0.5811952440550688
560 0.5811952440550688
561 0.5811952440550688
562 0.5811952440550688
563 0.5811952440550688
564 0.5811952440550688
565 0.581351689612015
566 0.581351689612015
567 0.581351689612015
568 0.5815081351689612
569 0.5815081351689612
570 0.5815081351689612
571 0.5815081351689612
572 0.5815081351689612
573 0.5815081351689612
574 0.5815081351689612
575 0.5815081351689612
576 0.5815081351689612
577 0.5815081351689612
578 0.5815081351689612
579 0.5815081351689612
580 0.5815081351689612
581 0.5815602836879432
582 0.5815602836879432
583 0.5815602836879432
584 0.5817688777638715
585 0.5818210262828536
586 0.5818731748018356
587 0.5818731748018356
588 0.5819253233208177
589 0.5819253233208177
590 0.5819253233208177
591 0.5819253233208177
592 0.5819253233208177
593 0.5819253233208177
594 0.5820817688777639
595 0.582186065915728
596 0.582186065915728
597 0.582186065915728
598 0.582186065915728
599 0.582186065915728
600 0.582186065915728
601 0.582186065915728
602 0.582186065915728
603 0.58223821443471
604 0.5822903629536921
605 0.5823425114726741
606 0.5823946599916562
607 0.5823946599916562
608 0.5826032540675845
609 0.5827075511055486
610 0.5827596996245307
611 0.5827596996245307
612 0.5827596996245307
613 0.5827596996245307
614 0.5827596996245307
615 0.5827596996245307
616 0.5827596996245307
617 0.5828118481435127
618 0.5828118481435127
619 0.5828118481435127
620 0.5828118481435127
621 0.5828118481435127
622 0.5828118481435127
623 0.5828118481435127
624 0.5828118481435127
625 0.5828639966624948
626 0.5828639966624948
627 0.5828639966624948
628 0.5830204422194409
629 0.5830204422194409
630 0.583072590738423
631 0.583072590738423
632 0.583072590738423
633 0.583072590738423
634 0.583072590738423
635 0.583072590738423
636 0.5832290362953693
637 0.5832811848143513
638 0.5832811848143513
639 0.5832811848143513
640 0.5833854818523154
641 0.5833854818523154
642 0.5833854818523154
643 0.5834897788902795
644 0.5834897788902795
645 0.5836462244472257
646 0.5836462244472257
647 0.5836462244472257
648 0.5836462244472257
649 0.5836462244472257
650 0.5838548185231539
651 0.583959115561118
652 0.583959115561118
653 0.583959115561118
654 0.5840112640801002
655 0.5840112640801002
656 0.5840112640801002
657 0.5840634125990822
658 0.5840634125990822
659 0.5840634125990822
660 0.5840634125990822
661 0.5840634125990822
662 0.5841155611180643
663 0.5841155611180643
664 0.5841155611180643
665 0.5841155611180643
666 0.5841155611180643
667 0.5841155611180643
668 0.5841677096370463
669 0.5841677096370463
670 0.5841677096370463
671 0.5841677096370463
672 0.5841677096370463
673 0.5841677096370463
674 0.5842720066750104
675 0.5842720066750104
676 0.5842720066750104
677 0.5842720066750104
678 0.5842720066750104
679 0.5842720066750104
680 0.5842720066750104
681 0.5842720066750104
682 0.5842720066750104
683 0.5842720066750104
684 0.5842720066750104
685 0.5842720066750104
686 0.5842720066750104
687 0.5842720066750104
688 0.5842720066750104
689 0.5842720066750104
690 0.5842720066750104
691 0.5842720066750104
692 0.5842720066750104
693 0.5842720066750104
694 0.5842720066750104
695 0.5842720066750104
696 0.5842720066750104
697 0.5842720066750104
698 0.5844284522319566
699 0.5844284522319566
700 0.5844284522319566
701 0.5844284522319566
702 0.5844284522319566
703 0.5844284522319566
704 0.5844284522319566
705 0.5846370463078848
706 0.5846370463078848
707 0.5846370463078848
708 0.5846370463078848
709 0.5847413433458489
710 0.5847413433458489
711 0.5847413433458489
712 0.5847413433458489
713 0.5847413433458489
714 0.5847413433458489
715 0.5847413433458489
716 0.5849499374217773
717 0.5849499374217773
718 0.5849499374217773
719 0.5849499374217773
720 0.5849499374217773
721 0.5849499374217773
722 0.5849499374217773
723 0.5849499374217773
724 0.5849499374217773
725 0.5849499374217773
726 0.5849499374217773
727 0.5849499374217773
728 0.5850542344597414
729 0.5851063829787234
730 0.5851063829787234
731 0.5851063829787234
732 0.5851063829787234
733 0.5851585314977055
734 0.5851585314977055
735 0.5851585314977055
736 0.5851585314977055
737 0.5851585314977055
738 0.5851585314977055
739 0.5851585314977055
740 0.5851585314977055
741 0.5852106800166875
742 0.5852106800166875
743 0.5852106800166875
744 0.5852106800166875
745 0.5852106800166875
746 0.5852106800166875
747 0.5852106800166875
748 0.5852628285356696
749 0.5853149770546516
750 0.5853149770546516
751 0.5853149770546516
752 0.5853149770546516
753 0.5853149770546516
754 0.5853671255736337
755 0.5853671255736337
756 0.5853671255736337
757 0.5854714226115978
758 0.5854714226115978
759 0.5854714226115978
760 0.5854714226115978
761 0.5854714226115978
762 0.5854714226115978
763 0.5854714226115978
764 0.5855235711305798
765 0.5855235711305798
766 0.5855235711305798
767 0.5855757196495619
768 0.5855757196495619
769 0.5856278681685441
770 0.5856278681685441
771 0.5856278681685441
772 0.5856800166875261
773 0.5856800166875261
774 0.5856800166875261
775 0.5856800166875261
776 0.5856800166875261
777 0.5856800166875261
778 0.5856800166875261
779 0.5856800166875261
780 0.5856800166875261
781 0.5856800166875261
782 0.5856800166875261
783 0.5856800166875261
784 0.5856800166875261
785 0.5856800166875261
786 0.5857321652065082
787 0.5857321652065082
788 0.5857321652065082
789 0.5858364622444723
790 0.5858364622444723
791 0.5858364622444723
792 0.5858364622444723
793 0.5858364622444723
794 0.5858364622444723
795 0.5858364622444723
796 0.5858364622444723
797 0.5858364622444723
798 0.5858364622444723
799 0.5858364622444723
800 0.5858364622444723
801 0.5858364622444723
802 0.5858364622444723
803 0.5858364622444723
804 0.5858364622444723
805 0.5859407592824364
806 0.5859407592824364
807 0.5859929078014184
808 0.5859929078014184
809 0.5859929078014184
810 0.5859929078014184
811 0.5859929078014184
812 0.5860450563204005
813 0.5860450563204005
814 0.5860450563204005
815 0.5860450563204005
816 0.5860450563204005
817 0.5860450563204005
818 0.5860450563204005
819 0.5860450563204005
820 0.5860450563204005
821 0.5860450563204005
822 0.5860450563204005
823 0.5860972048393825
824 0.5862015018773467
825 0.5862015018773467
826 0.5862015018773467
827 0.5862536503963287
828 0.5862536503963287
829 0.5862536503963287
830 0.5862536503963287
831 0.5862536503963287
832 0.5862536503963287
833 0.5862536503963287
834 0.5863057989153108
835 0.5863057989153108
836 0.5865665415102211
837 0.5865665415102211
838 0.5865665415102211
839 0.5865665415102211
840 0.5865665415102211
841 0.5865665415102211
842 0.5865665415102211
843 0.5865665415102211
844 0.5865665415102211
845 0.5865665415102211
846 0.5866186900292032
847 0.5866186900292032
848 0.5866186900292032
849 0.5867229870671673
850 0.5867229870671673
851 0.5867229870671673
852 0.5867229870671673
853 0.5867229870671673
854 0.5867229870671673
855 0.5867229870671673
856 0.5868794326241135
857 0.5868794326241135
858 0.5868794326241135
859 0.5868794326241135
860 0.5868794326241135
861 0.5868794326241135
862 0.5868794326241135
863 0.5868794326241135
864 0.5868794326241135
865 0.5868794326241135
866 0.5868794326241135
867 0.5868794326241135
868 0.5868794326241135
869 0.5868794326241135
870 0.5868794326241135
871 0.5868794326241135
872 0.5868794326241135
873 0.5868794326241135
874 0.5868794326241135
875 0.5868794326241135
876 0.5868794326241135
877 0.5868794326241135
878 0.5868794326241135
879 0.5871923237380059
880 0.5871923237380059
881 0.5871923237380059
882 0.5871923237380059
883 0.5871923237380059
884 0.587244472256988
885 0.58729662077597
886 0.58729662077597
887 0.5875573633708803
888 0.5875573633708803
889 0.5875573633708803
890 0.5875573633708803
891 0.5876095118898623
892 0.5876616604088444
893 0.5876616604088444
894 0.5876616604088444
895 0.5876616604088444
896 0.5876616604088444
897 0.5877659574468085
898 0.5877659574468085
899 0.5877659574468085
900 0.5878181059657905
901 0.5878181059657905
902 0.5878181059657905
903 0.5878181059657905
904 0.5878181059657905
905 0.5878181059657905
906 0.5878181059657905
907 0.5879745515227367
908 0.5879745515227367
909 0.5879745515227367
910 0.5879745515227367
911 0.5879745515227367
912 0.588130997079683
913 0.588130997079683
914 0.588183145598665
915 0.588183145598665
916 0.588183145598665
917 0.588183145598665
918 0.588183145598665
919 0.588183145598665
920 0.588183145598665
921 0.588183145598665
922 0.5883917396745932
923 0.5884438881935753
924 0.5884438881935753
925 0.5884438881935753
926 0.5884438881935753
927 0.5884438881935753
928 0.5884438881935753
929 0.5884438881935753
930 0.5884438881935753
931 0.5884438881935753
932 0.5884438881935753
933 0.5884438881935753
934 0.5884438881935753
935 0.5884438881935753
936 0.5884438881935753
937 0.5884438881935753
938 0.5884960367125573
939 0.5885481852315394
940 0.5885481852315394
941 0.5886524822695035
942 0.5887046307884856
943 0.5887046307884856
944 0.5887046307884856
945 0.5887046307884856
946 0.5887567793074676
947 0.5887567793074676
948 0.5887567793074676
949 0.5887567793074676
950 0.5887567793074676
951 0.5887567793074676
952 0.5888610763454318
953 0.5888610763454318
954 0.5888610763454318
955 0.5888610763454318
956 0.5888610763454318
957 0.5888610763454318
958 0.5888610763454318
959 0.5888610763454318
960 0.5888610763454318
961 0.5888610763454318
962 0.5888610763454318
963 0.5888610763454318
964 0.5888610763454318
965 0.5888610763454318
966 0.5888610763454318
967 0.5889132248644139
968 0.5889132248644139
969 0.5889653733833959
970 0.5889653733833959
971 0.5889653733833959
972 0.5889653733833959
973 0.5889653733833959
974 0.5889653733833959
975 0.5889653733833959
976 0.589017521902378
977 0.589017521902378
978 0.589017521902378
979 0.589017521902378
980 0.589017521902378
981 0.589017521902378
982 0.589017521902378
983 0.589017521902378
984 0.5891218189403421
985 0.5891218189403421
986 0.5892261159783062
987 0.5893825615352524
988 0.5893825615352524
989 0.5893825615352524
990 0.5893825615352524
991 0.5893825615352524
992 0.5893825615352524
993 0.5893825615352524
994 0.5893825615352524
995 0.5893825615352524
996 0.5893825615352524
997 0.5893825615352524
998 0.5893825615352524
999 0.5896954526491448
