1 0.50868
2 0.50888
3 0.50908
4 0.50928
5 0.50948
6 0.50968
7 0.50984
8 0.51
9 0.51016
10 0.51032
11 0.51048
12 0.51064
13 0.5108
14 0.51096
15 0.51112
16 0.51128
17 0.51144
18 0.5116
19 0.51176
20 0.51192
21 0.51208
22 0.51224
23 0.5124
24 0.51256
25 0.51272
26 0.51288
27 0.51304
28 0.5132
29 0.51336
30 0.51352
31 0.51368
32 0.51384
33 0.514
34 0.51416
35 0.51432
36 0.51448
37 0.51464
38 0.5148
39 0.51496
40 0.51512
41 0.51528
42 0.51544
43 0.5156
44 0.51576
45 0.51592
46 0.51608
47 0.51624
48 0.5164
49 0.51656
50 0.51672
51 0.51688
52 0.51704
53 0.5172
54 0.51736
55 0.51752
56 0.51768
57 0.51784
58 0.518
59 0.51816
60 0.51832
61 0.51848
62 0.51864
63 0.5188
64 0.51896
65 0.51912
66 0.51928
67 0.51944
68 0.5196
69 0.51976
70 0.51992
71 0.52008
72 0.52024
73 0.5204
74 0.52056
75 0.52072
76 0.52088
77 0.52104
78 0.5212
79 0.52136
80 0.52148
81 0.5216
82 0.52172
83 0.52188
84 0.522
85 0.52212
86 0.52224
87 0.52236
88 0.52248
89 0.5226
90 0.52272
91 0.52284
92 0.52296
93 0.52308
94 0.5232
95 0.52332
96 0.52344
97 0.52356
98 0.52368
99 0.5238
100 0.52392
101 0.52404
102 0.5242
103 0.52432
104 0.52444
105 0.52456
106 0.52468
107 0.5248
108 0.52492
109 0.52504
110 0.52516
111 0.52528
112 0.5254
113 0.52552
114 0.52564
115 0.52576
116 0.52588
117 0.526
118 0.52612
119 0.52624
120 0.52636
121 0.52648
122 0.5266
123 0.52672
124 0.52688
125 0.527
126 0.52712
127 0.52724
128 0.52736
129 0.52748
130 0.5276
131 0.52772
132 0.52784
133 0.52796
134 0.52808
135 0.5282
136 0.52832
137 0.52844
138 0.52856
139 0.52868
140 0.5288
141 0.52892
142 0.52904
143 0.52916
144 0.52928
145 0.5294
146 0.52952
147 0.52964
148 0.52976
149 0.52988
150 0.53
151 0.53012
152 0.53024
153 0.53036
154 0.53048
155 0.5306
156 0.53072
157 0.53088
158 0.531
159 0.53112
160 0.53124
161 0.53136
162 0.53148
163 0.5316
164 0.53172
165 0.53184
166 0.53196
167 0.53208
168 0.5322
169 0.53232
170 0.53244
171 0.53256
172 0.53268
173 0.5328
174 0.53292
175 0.53304
176 0.53316
177 0.53328
178 0.5334
179 0.53352
180 0.53364
181 0.53376
182 0.53388
183 0.534
184 0.53412
185 0.53424
186 0.53436
187 0.53448
188 0.5346
189 0.53472
190 0.53484
191 0.53496
192 0.53508
193 0.5352
194 0.53532
195 0.53548
196 0.5356
197 0.53572
198 0.53584
199 0.53596
200 0.53608
201 0.5362
202 0.53632
203 0.53644
204 0.53656
205 0.53668
206 0.5368
207 0.53692
208 0.53704
209 0.53716
210 0.53728
211 0.5374
212 0.53752
213 0.53764
214 0.53776
215 0.53788
216 0.538
217 0.53812
218 0.53824
219 0.53836
220 0.53848
221 0.5386
222 0.53872
223 0.53884
224 0.53896
225 0.53908
226 0.5392
227 0.53932
228 0.53944
229 0.53956
230 0.53968
231 0.5398
232 0.53992
233 0.54004
234 0.54016
235 0.54028
236 0.5404
237 0.54052
238 0.54064
239 0.54076
240 0.54088
241 0.541
242 0.54112
243 0.54124
244 0.54136
245 0.54148
246 0.5416
247 0.54172
248 0.54184
249 0.54196
250 0.54208
251 0.5422
252 0.54232
253 0.54244
254 0.54256
255 0.54268
256 0.5428
257 0.54292
258 0.54304
259 0.54316
260 0.54328
261 0.5434
262 0.54352
263 0.54364
264 0.54376
265 0.54388
266 0.544
267 0.54412
268 0.54424
269 0.54436
270 0.54448
271 0.5446
272 0.54472
273 0.54484
274 0.54496
275 0.54508
276 0.54524
277 0.54536
278 0.54548
279 0.5456
280 0.54572
281 0.54584
282 0.54596
283 0.54608
284 0.5462
285 0.54632
286 0.54644
287 0.54656
288 0.54668
289 0.5468
290 0.54692
291 0.54704
292 0.54716
293 0.54728
294 0.5474
295 0.54752
296 0.54764
297 0.54776
298 0.54788
299 0.548
300 0.54812
301 0.54824
302 0.54836
303 0.54848
304 0.5486
305 0.54872
306 0.54884
307 0.54896
308 0.54908
309 0.5492
310 0.54932
311 0.54944
312 0.54956
313 0.54968
314 0.5498
315 0.54992
316 0.55004
317 0.55016
318 0.55028
319 0.5504
320 0.55052
321 0.55064
322 0.55076
323 0.55088
324 0.551
325 0.55112
326 0.55124
327 0.55136
328 0.55148
329 0.5516
330 0.55172
331 0.55184
332 0.55196
333 0.55208
334 0.5522
335 0.55232
336 0.55244
337 0.55256
338 0.55268
339 0.5528
340 0.55292
341 0.55304
342 0.55316
343 0.55328
344 0.5534
345 0.55352
346 0.55364
347 0.55376
348 0.55388
349 0.554
350 0.55412
351 0.55424
352 0.55436
353 0.55448
354 0.5546
355 0.55472
356 0.55484
357 0.55496
358 0.55508
359 0.5552
360 0.55532
361 0.55544
362 0.55556
363 0.55568
364 0.5558
365 0.55592
366 0.55604
367 0.55616
368 0.55628
369 0.5564
370 0.55652
371 0.55664
372 0.55676
373 0.55688
374 0.557
375 0.55712
376 0.55724
377 0.55736
378 0.55748
379 0.5576
380 0.55772
381 0.55784
382 0.55796
383 0.55808
384 0.5582
385 0.55832
386 0.55844
387 0.55856
388 0.55868
389 0.5588
390 0.55892
391 0.55904
392 0.55916
393 0.55928
394 0.5594
395 0.55952
396 0.55964
397 0.55972
398 0.5598
399 0.55988
400 0.56
401 0.56008
402 0.56016
403 0.56024
404 0.56036
405 0.56044
406 0.56052
407 0.5606
408 0.56068
409 0.56076
410 0.56084
411 0.56092
412 0.561
413 0.56108
414 0.5612
415 0.56128
416 0.56136
417 0.56144
418 0.56152
419 0.5616
420 0.56168
421 0.56176
422 0.56184
423 0.56192
424 0.562
425 0.56208
426 0.56216
427 0.56224
428 0.56232
429 0.5624
430 0.56248
431 0.56256
432 0.56264
433 0.56272
434 0.5628
435 0.56288
436 0.56296
437 0.56304
438 0.56312
439 0.5632
440 0.56328
441 0.56336
442 0.56344
443 0.56352
444 0.5636
445 0.56368
446 0.56376
447 0.56384
448 0.56392
449 0.564
450 0.56408
451 0.56416
452 0.56428
453 0.56436
454 0.56448
455 0.56456
456 0.56464
457 0.56472
458 0.5648
459 0.56488
460 0.56496
461 0.56508
462 0.56516
463 0.56524
464 0.56532
465 0.5654
466 0.56548
467 0.56556
468 0.56564
469 0.56572
470 0.56584
471 0.56592
472 0.566
473 0.56608
474 0.56616
475 0.56624
476 0.56636
477 0.56648
478 0.5666
479 0.56668
480 0.56676
481 0.56684
482 0.56692
483 0.567
484 0.56708
485 0.56716
486 0.56724
487 0.56732
488 0.5674
489 0.56752
490 0.5676
491 0.56768
492 0.56776
493 0.56784
494 0.56792
495 0.568
496 0.56808
497 0.56816
498 0.56824
499 0.56832
500 0.5684
501 0.56852
502 0.56864
503 0.56876
504 0.56884
505 0.56892
506 0.569
507 0.56912
508 0.5692
509 0.56928
510 0.56936
511 0.56944
512 0.56952
513 0.5696
514 0.56968
515 0.56976
516 0.56984
517 0.56992
518 0.57
519 0.57008
520 0.57016
521 0.57024
522 0.57032
523 0.5704
524 0.57048
525 0.57056
526 0.57064
527 0.57072
528 0.57084
529 0.57092
530 0.571
531 0.57108
532 0.57116
533 0.57124
534 0.57132
535 0.5714
536 0.57152
537 0.57164
538 0.57172
539 0.5718
540 0.57188
541 0.57196
542 0.57204
543 0.57212
544 0.5722
545 0.57228
546 0.57236
547 0.57244
548 0.57252
549 0.5726
550 0.57268
551 0.57276
552 0.57284
553 0.57292
554 0.573
555 0.57308
556 0.5732
557 0.57328
558 0.57336
559 0.57344
560 0.57352
561 0.5736
562 0.57368
563 0.57376
564 0.57384
565 0.57392
566 0.574
567 0.57408
568 0.5742
569 0.57428
570 0.57436
571 0.57444
572 0.57452
573 0.5746
574 0.57468
575 0.57476
576 0.57484
577 0.57496
578 0.57504
579 0.57516
580 0.57524
581 0.57532
582 0.5754
583 0.57548
584 0.57556
585 0.57564
586 0.57572
587 0.5758
588 0.57592
589 0.576
590 0.57608
591 0.57616
592 0.57624
593 0.57632
594 0.5764
595 0.57648
596 0.57656
597 0.57664
598 0.57672
599 0.5768
600 0.57688
601 0.57696
602 0.57704
603 0.57712
604 0.5772
605 0.57728
606 0.57736
607 0.57744
608 0.57752
609 0.5776
610 0.57768
611 0.57776
612 0.57784
613 0.57792
614 0.578
615 0.57812
616 0.5782
617 0.57828
618 0.57836
619 0.57844
620 0.57852
621 0.5786
622 0.57868
623 0.57876
624 0.57884
625 0.57892
626 0.579
627 0.57908
628 0.57916
629 0.57924
630 0.57932
631 0.57944
632 0.57952
633 0.5796
634 0.57968
635 0.57976
636 0.57984
637 0.57992
638 0.58
639 0.58008
640 0.58016
641 0.58024
642 0.58032
643 0.5804
644 0.58048
645 0.58056
646 0.58064
647 0.58072
648 0.58084
649 0.58092
650 0.58104
651 0.58112
652 0.5812
653 0.58128
654 0.58136
655 0.58144
656 0.58156
657 0.58164
658 0.58172
659 0.5818
660 0.58188
661 0.58196
662 0.58208
663 0.58216
664 0.58228
665 0.58236
666 0.58244
667 0.58252
668 0.5826
669 0.58268
670 0.58276
671 0.58284
672 0.58292
673 0.583
674 0.58308
675 0.58316
676 0.58324
677 0.58332
678 0.58344
679 0.58352
680 0.5836
681 0.58368
682 0.5838
683 0.58392
684 0.584
685 0.58408
686 0.58416
687 0.58424
688 0.58432
689 0.5844
690 0.58448
691 0.58456
692 0.58464
693 0.58472
694 0.5848
695 0.58488
696 0.58496
697 0.58504
698 0.58512
699 0.5852
700 0.58528
701 0.58536
702 0.58544
703 0.58552
704 0.5856
705 0.58568
706 0.58576
707 0.58584
708 0.58592
709 0.586
710 0.58608
711 0.58616
712 0.58624
713 0.58632
714 0.5864
715 0.58648
716 0.58656
717 0.58664
718 0.58672
719 0.5868
720 0.58688
721 0.58696
722 0.58704
723 0.58712
724 0.5872
725 0.58728
726 0.58736
727 0.58744
728 0.58752
729 0.5876
730 0.58768
731 0.58776
732 0.58788
733 0.58796
734 0.58804
735 0.58812
736 0.5882
737 0.58828
738 0.5884
739 0.58848
740 0.58856
741 0.58864
742 0.58872
743 0.5888
744 0.58892
745 0.589
746 0.58908
747 0.58916
748 0.58924
749 0.58932
750 0.5894
751 0.58948
752 0.58956
753 0.58964
754 0.58972
755 0.5898
756 0.58988
757 0.58996
758 0.59004
759 0.59012
760 0.5902
761 0.59028
762 0.59036
763 0.59044
764 0.59052
765 0.5906
766 0.59068
767 0.59076
768 0.59084
769 0.59092
770 0.591
771 0.59108
772 0.59116
773 0.59124
774 0.59132
775 0.5914
776 0.59148
777 0.59156
778 0.59164
779 0.59172
780 0.5918
781 0.59188
782 0.59196
783 0.59204
784 0.59212
785 0.5922
786 0.59228
787 0.59236
788 0.59244
789 0.59252
790 0.5926
791 0.59268
792 0.5928
793 0.59288
794 0.59296
795 0.59304
796 0.59312
797 0.5932
798 0.59332
799 0.5934
800 0.59348
801 0.59356
802 0.59364
803 0.59372
804 0.5938
805 0.59388
806 0.59396
807 0.59404
808 0.59412
809 0.5942
810 0.59428
811 0.59436
812 0.59444
813 0.59452
814 0.5946
815 0.59468
816 0.5948
817 0.59488
818 0.59496
819 0.59504
820 0.59512
821 0.5952
822 0.59528
823 0.59536
824 0.59544
825 0.59552
826 0.5956
827 0.59568
828 0.59576
829 0.59584
830 0.59592
831 0.596
832 0.59608
833 0.5962
834 0.59628
835 0.59636
836 0.59644
837 0.59652
838 0.5966
839 0.59668
840 0.59676
841 0.59684
842 0.59692
843 0.597
844 0.59708
845 0.59716
846 0.59728
847 0.59736
848 0.59744
849 0.59752
850 0.5976
851 0.59768
852 0.59776
853 0.59784
854 0.59792
855 0.598
856 0.59808
857 0.59816
858 0.59824
859 0.59832
860 0.5984
861 0.59848
862 0.59856
863 0.59864
864 0.59872
865 0.5988
866 0.59888
867 0.59896
868 0.59904
869 0.59912
870 0.5992
871 0.59928
872 0.59936
873 0.59944
874 0.59952
875 0.5996
876 0.59968
877 0.59976
878 0.59984
879 0.59992
880 0.6
881 0.60008
882 0.60016
883 0.60024
884 0.60032
885 0.6004
886 0.60048
887 0.60056
888 0.60064
889 0.60072
890 0.6008
891 0.60088
892 0.60096
893 0.60104
894 0.60112
895 0.6012
896 0.60128
897 0.60136
898 0.60144
899 0.60152
900 0.6016
901 0.60168
902 0.60176
903 0.60184
904 0.60192
905 0.602
906 0.60208
907 0.60216
908 0.60224
909 0.60232
910 0.6024
911 0.60248
912 0.60256
913 0.60264
914 0.60272
915 0.6028
916 0.60288
917 0.60296
918 0.60304
919 0.60312
920 0.6032
921 0.60328
922 0.60336
923 0.60344
924 0.60356
925 0.60364
926 0.60372
927 0.6038
928 0.60388
929 0.60396
930 0.60404
931 0.60412
932 0.6042
933 0.60428
934 0.60436
935 0.60448
936 0.60456
937 0.60464
938 0.60472
939 0.6048
940 0.60488
941 0.60496
942 0.60504
943 0.60512
944 0.6052
945 0.60528
946 0.60536
947 0.60544
948 0.60552
949 0.6056
950 0.60568
951 0.60576
952 0.60584
953 0.60592
954 0.606
955 0.60608
956 0.60616
957 0.60624
958 0.60632
959 0.6064
960 0.60648
961 0.60656
962 0.60664
963 0.60672
964 0.6068
965 0.60688
966 0.60696
967 0.60704
968 0.60712
969 0.6072
970 0.60728
971 0.60736
972 0.60744
973 0.60752
974 0.6076
975 0.60768
976 0.60776
977 0.60784
978 0.60792
979 0.608
980 0.60808
981 0.60816
982 0.60824
983 0.60832
984 0.6084
985 0.60848
986 0.60856
987 0.60864
988 0.60872
989 0.6088
990 0.60888
991 0.60896
992 0.60904
993 0.60912
994 0.6092
995 0.60928
996 0.60936
997 0.60944
998 0.60952
999 0.6096
1000 0.60968
1001 0.60976
1002 0.60984
1003 0.60992
1004 0.61
1005 0.61008
1006 0.61016
1007 0.61024
1008 0.61032
1009 0.6104
1010 0.61048
1011 0.61056
1012 0.61064
1013 0.61072
1014 0.6108
1015 0.61088
1016 0.61096
1017 0.61104
1018 0.61112
1019 0.6112
1020 0.61128
1021 0.61136
1022 0.61144
1023 0.61152
1024 0.6116
1025 0.61168
1026 0.61176
1027 0.61184
1028 0.61192
1029 0.612
1030 0.61208
1031 0.61216
1032 0.61224
1033 0.61232
1034 0.6124
1035 0.61248
1036 0.61256
1037 0.61264
1038 0.61272
1039 0.6128
1040 0.61288
1041 0.61296
1042 0.61304
1043 0.61312
1044 0.6132
1045 0.61328
1046 0.61336
1047 0.61344
1048 0.61352
1049 0.6136
1050 0.61368
1051 0.61376
1052 0.61384
1053 0.61392
1054 0.614
1055 0.61408
1056 0.61416
1057 0.61424
1058 0.61432
1059 0.6144
1060 0.61448
1061 0.61456
1062 0.61464
1063 0.61472
1064 0.6148
1065 0.61488
1066 0.61496
1067 0.61504
1068 0.61512
1069 0.6152
1070 0.61528
1071 0.61536
1072 0.61544
1073 0.61552
1074 0.6156
1075 0.61568
1076 0.61576
1077 0.61584
1078 0.61592
1079 0.616
1080 0.61608
1081 0.61616
1082 0.61624
1083 0.61632
1084 0.6164
1085 0.61648
1086 0.61656
1087 0.61664
1088 0.61672
1089 0.6168
1090 0.61688
1091 0.61696
1092 0.61704
1093 0.61712
1094 0.6172
1095 0.61728
1096 0.61736
1097 0.61744
1098 0.61752
1099 0.6176
1100 0.61768
1101 0.61776
1102 0.61784
1103 0.61792
1104 0.618
1105 0.61808
1106 0.61816
1107 0.61824
1108 0.61832
1109 0.6184
1110 0.61848
1111 0.61856
1112 0.61864
1113 0.61872
1114 0.6188
1115 0.61888
1116 0.61896
1117 0.61904
1118 0.61912
1119 0.6192
1120 0.61928
1121 0.61936
1122 0.61944
1123 0.61952
1124 0.6196
1125 0.61968
1126 0.61976
1127 0.61984
1128 0.61992
1129 0.62
1130 0.62008
1131 0.62016
1132 0.62024
1133 0.62032
1134 0.6204
1135 0.62048
1136 0.62056
1137 0.62064
1138 0.62072
1139 0.6208
1140 0.62088
1141 0.62096
1142 0.62104
1143 0.62112
1144 0.6212
1145 0.62128
1146 0.62136
1147 0.62144
1148 0.62152
1149 0.6216
1150 0.62168
1151 0.62176
1152 0.62184
1153 0.62192
1154 0.622
1155 0.62208
1156 0.62216
1157 0.62224
1158 0.62232
1159 0.6224
1160 0.62248
1161 0.62256
1162 0.62264
1163 0.62272
1164 0.6228
1165 0.62288
1166 0.62296
1167 0.62304
1168 0.62312
1169 0.6232
1170 0.62328
1171 0.62336
1172 0.62344
1173 0.62348
1174 0.62352
1175 0.62356
1176 0.6236
1177 0.62364
1178 0.62368
1179 0.62376
1180 0.6238
1181 0.62384
1182 0.62388
1183 0.62392
1184 0.62396
1185 0.62404
1186 0.62412
1187 0.6242
1188 0.62428
1189 0.62432
1190 0.62436
1191 0.62444
1192 0.62448
1193 0.62452
1194 0.62456
1195 0.6246
1196 0.62468
1197 0.62472
1198 0.62476
1199 0.6248
1200 0.62484
1201 0.62488
1202 0.62496
1203 0.62504
1204 0.62508
1205 0.62512
1206 0.6252
1207 0.62524
1208 0.62528
1209 0.62536
1210 0.6254
1211 0.62544
1212 0.62548
1213 0.62552
1214 0.6256
1215 0.62564
1216 0.62568
1217 0.62576
1218 0.6258
1219 0.62584
1220 0.62592
1221 0.62596
1222 0.626
1223 0.62608
1224 0.62612
1225 0.6262
1226 0.62628
1227 0.62636
1228 0.6264
1229 0.62644
1230 0.62648
1231 0.62652
1232 0.62656
1233 0.6266
1234 0.62664
1235 0.62668
1236 0.62672
1237 0.62676
1238 0.6268
1239 0.62684
1240 0.62688
1241 0.62692
1242 0.627
1243 0.62704
1244 0.62708
1245 0.62712
1246 0.6272
1247 0.62728
1248 0.62736
1249 0.62744
1250 0.62748
1251 0.62756
1252 0.6276
1253 0.62764
1254 0.62768
1255 0.62776
1256 0.62784
1257 0.62788
1258 0.62792
1259 0.62796
1260 0.62804
1261 0.62808
1262 0.62812
1263 0.62816
1264 0.6282
1265 0.62824
1266 0.62828
1267 0.62832
1268 0.62836
1269 0.6284
1270 0.62844
1271 0.62848
1272 0.62852
1273 0.62856
1274 0.6286
1275 0.62864
1276 0.62868
1277 0.62872
1278 0.62876
1279 0.6288
1280 0.62884
1281 0.62888
1282 0.62892
1283 0.62896
1284 0.62904
1285 0.62912
1286 0.6292
1287 0.62924
1288 0.62928
1289 0.62932
1290 0.62936
1291 0.6294
1292 0.62944
1293 0.62952
1294 0.6296
1295 0.62964
1296 0.62972
1297 0.62976
1298 0.6298
1299 0.62984
1300 0.62992
1301 0.63
1302 0.63004
1303 0.63008
1304 0.63012
1305 0.63016
1306 0.6302
1307 0.63024
1308 0.63028
1309 0.63032
1310 0.63036
1311 0.6304
1312 0.63048
1313 0.63056
1314 0.6306
1315 0.63068
1316 0.63072
1317 0.63076
1318 0.6308
1319 0.63084
1320 0.63092
1321 0.63096
1322 0.631
1323 0.63104
1324 0.63108
1325 0.63112
1326 0.63116
1327 0.63124
1328 0.63128
1329 0.63132
1330 0.63136
1331 0.63144
1332 0.63148
1333 0.63152
1334 0.63156
1335 0.6316
1336 0.63164
1337 0.63172
1338 0.63176
1339 0.63184
1340 0.63188
1341 0.63196
1342 0.632
1343 0.63204
1344 0.63208
1345 0.63212
1346 0.63216
1347 0.63224
1348 0.63228
1349 0.63232
1350 0.63236
1351 0.6324
1352 0.63244
1353 0.63248
1354 0.63252
1355 0.63256
1356 0.6326
1357 0.63264
1358 0.63268
1359 0.63272
1360 0.6328
1361 0.63284
1362 0.63288
1363 0.63292
1364 0.63296
1365 0.63304
1366 0.63308
1367 0.63312
1368 0.63316
1369 0.6332
1370 0.63324
1371 0.63332
1372 0.6334
1373 0.63348
1374 0.63352
1375 0.6336
1376 0.63364
1377 0.63368
1378 0.63372
1379 0.6338
1380 0.63388
1381 0.63392
1382 0.63396
1383 0.63404
1384 0.63408
1385 0.63412
1386 0.6342
1387 0.63424
1388 0.63428
1389 0.63432
1390 0.63436
1391 0.6344
1392 0.63444
1393 0.63448
1394 0.63456
1395 0.63464
1396 0.63468
1397 0.63472
1398 0.63476
1399 0.6348
1400 0.63484
1401 0.63492
1402 0.635
1403 0.63504
1404 0.63508
1405 0.63516
1406 0.6352
1407 0.63524
1408 0.63528
1409 0.63532
1410 0.63536
1411 0.6354
1412 0.63548
1413 0.63552
1414 0.63556
1415 0.6356
1416 0.63564
1417 0.63568
1418 0.63576
1419 0.6358
1420 0.63584
1421 0.63592
1422 0.63596
1423 0.636
1424 0.63604
1425 0.63608
1426 0.63616
1427 0.6362
1428 0.63624
1429 0.63628
1430 0.63632
1431 0.6364
1432 0.63648
1433 0.63656
1434 0.6366
1435 0.63664
1436 0.63668
1437 0.63672
1438 0.6368
1439 0.63684
1440 0.63692
1441 0.63696
1442 0.637
1443 0.63704
1444 0.63708
1445 0.63712
1446 0.63716
1447 0.6372
1448 0.63724
1449 0.63728
1450 0.63732
1451 0.63736
1452 0.63744
1453 0.63748
1454 0.63752
1455 0.63756
1456 0.6376
1457 0.63764
1458 0.63768
1459 0.63772
1460 0.63776
1461 0.6378
1462 0.63784
1463 0.63788
1464 0.63792
1465 0.63796
1466 0.638
1467 0.63804
1468 0.63808
1469 0.63812
1470 0.63816
1471 0.6382
1472 0.63824
1473 0.63828
1474 0.63832
1475 0.6384
1476 0.63844
1477 0.63852
1478 0.63856
1479 0.6386
1480 0.63864
1481 0.63868
1482 0.63872
1483 0.63876
1484 0.6388
1485 0.63884
1486 0.63888
1487 0.63892
1488 0.63896
1489 0.639
1490 0.63904
1491 0.63912
1492 0.63916
1493 0.63924
1494 0.63932
1495 0.63936
1496 0.6394
1497 0.63944
1498 0.63948
1499 0.63956
1500 0.6396
1501 0.63964
1502 0.63968
1503 0.63976
1504 0.63984
1505 0.63988
1506 0.63992
1507 0.63996
1508 0.64
1509 0.64004
1510 0.64008
1511 0.64012
1512 0.64016
1513 0.64024
1514 0.64028
1515 0.64036
1516 0.6404
1517 0.64044
1518 0.64048
1519 0.64052
1520 0.64056
1521 0.6406
1522 0.64064
1523 0.64068
1524 0.64072
1525 0.64076
1526 0.6408
1527 0.64084
1528 0.64088
1529 0.64092
1530 0.64096
1531 0.641
1532 0.64104
1533 0.64108
1534 0.64112
1535 0.64116
1536 0.6412
1537 0.64124
1538 0.64128
1539 0.64132
1540 0.64136
1541 0.6414
1542 0.64144
1543 0.64148
1544 0.64152
1545 0.64156
1546 0.6416
1547 0.64164
1548 0.64168
1549 0.64172
1550 0.64176
1551 0.6418
1552 0.64188
1553 0.64192
1554 0.64196
1555 0.642
1556 0.64204
1557 0.64208
1558 0.64212
1559 0.64216
1560 0.6422
1561 0.64224
1562 0.64232
1563 0.6424
1564 0.64244
1565 0.64248
1566 0.64252
1567 0.6426
1568 0.64264
1569 0.64268
1570 0.64272
1571 0.64276
1572 0.64284
1573 0.64288
1574 0.64292
1575 0.643
1576 0.64304
1577 0.64308
1578 0.64312
1579 0.64316
1580 0.64324
1581 0.64328
1582 0.64332
1583 0.64336
1584 0.6434
1585 0.64344
1586 0.64348
1587 0.64352
1588 0.64356
1589 0.6436
1590 0.64364
1591 0.64368
1592 0.64372
1593 0.6438
1594 0.64384
1595 0.64392
1596 0.64396
1597 0.644
1598 0.64404
1599 0.64412
1600 0.64416
1601 0.6442
1602 0.64424
1603 0.64428
1604 0.64436
1605 0.6444
1606 0.64444
1607 0.64452
1608 0.64456
1609 0.6446
1610 0.64464
1611 0.64468
1612 0.64472
1613 0.64476
1614 0.6448
1615 0.64488
1616 0.64492
1617 0.64496
1618 0.64504
1619 0.64508
1620 0.64512
1621 0.64516
1622 0.6452
1623 0.64524
1624 0.64528
1625 0.64532
1626 0.64536
1627 0.6454
1628 0.64544
1629 0.64548
1630 0.64552
1631 0.64556
1632 0.64564
1633 0.64572
1634 0.6458
1635 0.64584
1636 0.64588
1637 0.64592
1638 0.64596
1639 0.646
1640 0.64608
1641 0.64612
1642 0.64616
1643 0.6462
1644 0.64624
1645 0.64632
1646 0.64636
1647 0.64644
1648 0.64648
1649 0.64652
1650 0.64656
1651 0.6466
1652 0.64664
1653 0.64668
1654 0.64672
1655 0.6468
1656 0.64684
1657 0.64688
1658 0.64692
1659 0.64696
1660 0.647
1661 0.64704
1662 0.64708
1663 0.64712
1664 0.64716
1665 0.64724
1666 0.64728
1667 0.64736
1668 0.6474
1669 0.64744
1670 0.64748
1671 0.64752
1672 0.64756
1673 0.6476
1674 0.64764
1675 0.64768
1676 0.64772
1677 0.64776
1678 0.6478
1679 0.64784
1680 0.64788
1681 0.64792
1682 0.64796
1683 0.648
1684 0.64804
1685 0.64808
1686 0.64812
1687 0.6482
1688 0.64824
1689 0.64828
1690 0.64832
1691 0.64836
1692 0.6484
1693 0.64844
1694 0.64848
1695 0.64852
1696 0.64856
1697 0.64864
1698 0.64868
1699 0.64872
1700 0.64876
1701 0.6488
1702 0.64884
1703 0.64888
1704 0.64892
1705 0.64896
1706 0.649
1707 0.64904
1708 0.64912
1709 0.64916
1710 0.6492
1711 0.64924
1712 0.64928
1713 0.64932
1714 0.64936
1715 0.6494
1716 0.64948
1717 0.64952
1718 0.64956
1719 0.6496
1720 0.64964
1721 0.64968
1722 0.64972
1723 0.64976
1724 0.6498
1725 0.64984
1726 0.64988
1727 0.64992
1728 0.64996
1729 0.65
1730 0.65004
1731 0.65008
1732 0.65012
1733 0.65016
1734 0.6502
1735 0.65024
1736 0.65028
1737 0.65032
1738 0.65036
1739 0.6504
1740 0.65044
1741 0.65048
1742 0.65052
1743 0.65056
1744 0.65064
1745 0.65072
1746 0.65076
1747 0.65084
1748 0.65088
1749 0.65092
1750 0.65096
1751 0.65104
1752 0.65108
1753 0.65116
1754 0.6512
1755 0.65124
1756 0.65128
1757 0.65132
1758 0.65136
1759 0.65144
1760 0.65148
1761 0.65152
1762 0.65156
1763 0.6516
1764 0.65164
1765 0.65168
1766 0.65172
1767 0.65176
1768 0.65184
1769 0.65188
1770 0.65192
1771 0.65196
1772 0.652
1773 0.65204
1774 0.65208
1775 0.65212
1776 0.65216
1777 0.6522
1778 0.65228
1779 0.65236
1780 0.6524
1781 0.65244
1782 0.65248
1783 0.65252
1784 0.65256
1785 0.6526
1786 0.65268
1787 0.65272
1788 0.65276
1789 0.6528
1790 0.65284
1791 0.65288
1792 0.65292
1793 0.65296
1794 0.653
1795 0.65308
1796 0.65312
1797 0.65316
1798 0.6532
1799 0.65328
1800 0.65332
1801 0.6534
1802 0.65344
1803 0.65348
1804 0.65352
1805 0.65356
1806 0.6536
1807 0.65364
1808 0.65368
1809 0.65372
1810 0.65376
1811 0.6538
1812 0.65384
1813 0.65392
1814 0.65396
1815 0.65404
1816 0.65408
1817 0.65412
1818 0.65416
1819 0.6542
1820 0.65424
1821 0.65428
1822 0.65432
1823 0.65436
1824 0.6544
1825 0.65444
1826 0.65448
1827 0.65452
1828 0.65456
1829 0.6546
1830 0.65464
1831 0.65468
1832 0.65472
1833 0.65476
1834 0.65484
1835 0.65488
1836 0.65492
1837 0.65496
1838 0.655
1839 0.65504
1840 0.65512
1841 0.65516
1842 0.6552
1843 0.65524
1844 0.65532
1845 0.65536
1846 0.6554
1847 0.65544
1848 0.65548
1849 0.65552
1850 0.6556
1851 0.65564
1852 0.65572
1853 0.65576
1854 0.6558
1855 0.65584
1856 0.65588
1857 0.65592
1858 0.656
1859 0.65604
1860 0.65608
1861 0.65616
1862 0.6562
1863 0.65624
1864 0.65628
1865 0.65632
1866 0.65636
1867 0.6564
1868 0.65644
1869 0.65648
1870 0.65652
1871 0.65656
1872 0.6566
1873 0.65664
1874 0.65668
1875 0.65672
1876 0.65676
1877 0.6568
1878 0.65684
1879 0.65688
1880 0.65692
1881 0.65696
1882 0.657
1883 0.65704
1884 0.65708
1885 0.65712
1886 0.65716
1887 0.6572
1888 0.65728
1889 0.65736
1890 0.6574
1891 0.65744
1892 0.65748
1893 0.65752
1894 0.65756
1895 0.6576
1896 0.65764
1897 0.65768
1898 0.65776
1899 0.6578
1900 0.65784
1901 0.65788
1902 0.65792
1903 0.65796
1904 0.658
1905 0.65804
1906 0.65808
1907 0.65812
1908 0.65816
1909 0.6582
1910 0.65824
1911 0.65828
1912 0.65832
1913 0.65836
1914 0.6584
1915 0.65848
1916 0.65852
1917 0.65856
1918 0.6586
1919 0.65864
1920 0.65872
1921 0.65876
1922 0.6588
1923 0.65884
1924 0.65888
1925 0.65892
1926 0.65896
1927 0.659
1928 0.65904
1929 0.65908
1930 0.65912
1931 0.65916
1932 0.6592
1933 0.65924
1934 0.65928
1935 0.65932
1936 0.65936
1937 0.65944
1938 0.65948
1939 0.65952
1940 0.65956
1941 0.6596
1942 0.65964
1943 0.65968
1944 0.65976
1945 0.6598
1946 0.65984
1947 0.65988
1948 0.65992
1949 0.65996
1950 0.66
1951 0.66004
1952 0.66008
1953 0.66012
1954 0.66016
1955 0.6602
1956 0.66024
1957 0.66028
1958 0.66036
1959 0.6604
1960 0.66048
1961 0.66052
1962 0.66056
1963 0.66064
1964 0.66068
1965 0.66072
1966 0.66076
1967 0.6608
1968 0.66084
1969 0.66088
1970 0.66092
1971 0.66096
1972 0.661
1973 0.66108
1974 0.66112
1975 0.66116
1976 0.6612
1977 0.66124
1978 0.66128
1979 0.66132
1980 0.66136
1981 0.6614
1982 0.66144
1983 0.66148
1984 0.66152
1985 0.66156
1986 0.6616
1987 0.66164
1988 0.66168
1989 0.66172
1990 0.66176
1991 0.66184
1992 0.66192
1993 0.66196
1994 0.662
1995 0.66204
1996 0.66208
1997 0.66212
1998 0.66216
1999 0.6622
2000 0.66224
2001 0.66228
2002 0.66236
2003 0.6624
2004 0.66244
2005 0.66248
2006 0.66252
2007 0.66256
2008 0.6626
2009 0.66264
2010 0.66268
2011 0.66276
2012 0.6628
2013 0.66284
2014 0.66288
2015 0.66296
2016 0.663
2017 0.66304
2018 0.66308
2019 0.66312
2020 0.66316
2021 0.6632
2022 0.66324
2023 0.66328
2024 0.66332
2025 0.66336
2026 0.6634
2027 0.66344
2028 0.66348
2029 0.66352
2030 0.66356
2031 0.6636
2032 0.66364
2033 0.66368
2034 0.66372
2035 0.66376
2036 0.6638
2037 0.66384
2038 0.66388
2039 0.66396
2040 0.664
2041 0.66404
2042 0.66408
2043 0.66412
2044 0.66416
2045 0.6642
2046 0.66424
2047 0.66428
2048 0.66436
2049 0.6644
2050 0.66444
2051 0.66448
2052 0.66452
2053 0.66456
2054 0.66464
2055 0.66468
2056 0.66472
2057 0.66476
2058 0.6648
2059 0.66484
2060 0.66488
2061 0.66492
2062 0.66496
2063 0.665
2064 0.66504
2065 0.66508
2066 0.66512
2067 0.66516
2068 0.6652
2069 0.66524
2070 0.66528
2071 0.66532
2072 0.66536
2073 0.6654
2074 0.66544
2075 0.66552
2076 0.66556
2077 0.6656
2078 0.66564
2079 0.66568
2080 0.66572
2081 0.6658
2082 0.66584
2083 0.66592
2084 0.66596
2085 0.666
2086 0.66604
2087 0.66608
2088 0.66612
2089 0.66616
2090 0.6662
2091 0.66628
2092 0.66632
2093 0.66636
2094 0.6664
2095 0.66648
2096 0.66652
2097 0.66656
2098 0.6666
2099 0.66664
2100 0.66668
2101 0.66672
2102 0.66676
2103 0.6668
2104 0.66684
2105 0.66692
2106 0.66696
2107 0.667
2108 0.66704
2109 0.66708
2110 0.66712
2111 0.6672
2112 0.66724
2113 0.66728
2114 0.66732
2115 0.66736
2116 0.6674
2117 0.66744
2118 0.66748
2119 0.66752
2120 0.66756
2121 0.6676
2122 0.66764
2123 0.66768
2124 0.66772
2125 0.66776
2126 0.6678
2127 0.66788
2128 0.66792
2129 0.66796
2130 0.668
2131 0.66804
2132 0.66808
2133 0.66812
2134 0.66816
2135 0.6682
2136 0.66824
2137 0.66832
2138 0.66836
2139 0.6684
2140 0.66844
2141 0.66848
2142 0.66852
2143 0.66856
2144 0.6686
2145 0.66864
2146 0.66868
2147 0.66872
2148 0.66876
2149 0.6688
2150 0.66884
2151 0.66888
2152 0.66892
2153 0.66896
2154 0.669
2155 0.66904
2156 0.66908
2157 0.66912
2158 0.66916
2159 0.6692
2160 0.66924
2161 0.66928
2162 0.66932
2163 0.66936
2164 0.6694
2165 0.66944
2166 0.66948
2167 0.66952
2168 0.66956
2169 0.6696
2170 0.66964
2171 0.66968
2172 0.66972
2173 0.66976
2174 0.6698
2175 0.66984
2176 0.66988
2177 0.66992
2178 0.66996
2179 0.67
2180 0.67004
2181 0.67008
2182 0.67012
2183 0.67016
2184 0.6702
2185 0.67024
2186 0.67028
2187 0.67032
2188 0.67036
2189 0.6704
2190 0.67044
2191 0.67048
2192 0.67052
2193 0.67056
2194 0.6706
2195 0.67064
2196 0.67068
2197 0.67072
2198 0.67076
2199 0.6708
2200 0.67084
2201 0.67088
2202 0.67092
2203 0.67096
2204 0.671
2205 0.67108
2206 0.67112
2207 0.67116
2208 0.6712
2209 0.67124
2210 0.67128
2211 0.67132
2212 0.67136
2213 0.6714
2214 0.67144
2215 0.67148
2216 0.67152
2217 0.67156
2218 0.6716
2219 0.67164
2220 0.67168
2221 0.67172
2222 0.6718
2223 0.67184
2224 0.67188
2225 0.67192
2226 0.67196
2227 0.672
2228 0.67208
2229 0.67212
2230 0.67216
2231 0.6722
2232 0.67224
2233 0.67228
2234 0.67232
2235 0.67236
2236 0.6724
2237 0.67244
2238 0.67252
2239 0.67256
2240 0.6726
2241 0.67268
2242 0.67272
2243 0.67276
2244 0.6728
2245 0.67284
2246 0.67288
2247 0.67292
2248 0.67296
2249 0.673
2250 0.67304
2251 0.67308
2252 0.67312
2253 0.67316
2254 0.6732
2255 0.67324
2256 0.67328
2257 0.67332
2258 0.67336
2259 0.6734
2260 0.67344
2261 0.67348
2262 0.67352
2263 0.67356
2264 0.6736
2265 0.67364
2266 0.67368
2267 0.67372
2268 0.67376
2269 0.6738
2270 0.67384
2271 0.67388
2272 0.67392
2273 0.67396
2274 0.674
2275 0.67404
2276 0.67408
2277 0.67412
2278 0.67416
2279 0.6742
2280 0.67424
2281 0.67428
2282 0.67432
2283 0.67436
2284 0.6744
2285 0.67444
2286 0.67448
2287 0.67452
2288 0.67456
2289 0.6746
2290 0.67464
2291 0.67468
2292 0.67472
2293 0.67476
2294 0.6748
2295 0.67484
2296 0.67488
2297 0.67492
2298 0.67496
2299 0.675
2300 0.67504
2301 0.67508
2302 0.67512
2303 0.67516
2304 0.6752
2305 0.67524
2306 0.67528
2307 0.67532
2308 0.67536
2309 0.6754
2310 0.67544
2311 0.67548
2312 0.67552
2313 0.67556
2314 0.6756
2315 0.67564
2316 0.67568
2317 0.67572
2318 0.67576
2319 0.6758
2320 0.67584
2321 0.67588
2322 0.67592
2323 0.67596
2324 0.676
2325 0.67604
2326 0.67608
2327 0.67616
2328 0.6762
2329 0.67624
2330 0.67628
2331 0.67632
2332 0.67636
2333 0.6764
2334 0.67644
2335 0.67648
2336 0.67652
2337 0.67656
2338 0.6766
2339 0.67664
2340 0.67668
2341 0.67672
2342 0.67676
2343 0.6768
2344 0.67684
2345 0.67688
2346 0.67692
2347 0.67696
2348 0.677
2349 0.67704
2350 0.67708
2351 0.67712
2352 0.67716
2353 0.6772
2354 0.67724
2355 0.67728
2356 0.67732
2357 0.67736
2358 0.6774
2359 0.67744
2360 0.67748
2361 0.67752
2362 0.67756
2363 0.6776
2364 0.67764
2365 0.67768
2366 0.67772
2367 0.67776
2368 0.6778
2369 0.67784
2370 0.67788
2371 0.67792
2372 0.67796
2373 0.678
2374 0.67804
2375 0.67808
2376 0.67812
2377 0.67816
2378 0.6782
2379 0.67824
2380 0.67828
2381 0.67832
2382 0.67836
2383 0.6784
2384 0.67844
2385 0.67848
2386 0.67852
2387 0.67856
2388 0.6786
2389 0.67864
2390 0.67868
2391 0.67872
2392 0.67876
2393 0.6788
2394 0.67884
2395 0.67888
2396 0.67892
2397 0.67896
2398 0.679
2399 0.67904
2400 0.67908
2401 0.67912
2402 0.67916
2403 0.6792
2404 0.67924
2405 0.67928
2406 0.67932
2407 0.67936
2408 0.6794
2409 0.67944
2410 0.67948
2411 0.67952
2412 0.67956
2413 0.6796
2414 0.67964
2415 0.67968
2416 0.67972
2417 0.67976
2418 0.6798
2419 0.67984
2420 0.67988
2421 0.67992
2422 0.67996
2423 0.68
2424 0.68004
2425 0.68008
2426 0.68012
2427 0.68016
2428 0.6802
2429 0.68024
2430 0.68028
2431 0.68032
2432 0.68036
2433 0.6804
2434 0.6804
2435 0.6804
2436 0.6804
2437 0.6804
2438 0.6804
2439 0.6804
2440 0.6804
2441 0.6804
2442 0.6804
2443 0.6804
2444 0.6804
2445 0.6804
2446 0.6804
2447 0.6804
2448 0.6804
2449 0.6804
2450 0.6804
2451 0.6804
2452 0.6804
2453 0.6804
2454 0.6804
2455 0.6804
2456 0.6804
2457 0.6804
2458 0.6804
2459 0.6804
2460 0.6804
2461 0.6804
2462 0.6804
2463 0.6804
2464 0.6804
2465 0.6804
2466 0.6804
2467 0.6804
2468 0.6804
2469 0.6804
2470 0.6804
2471 0.6804
2472 0.6804
2473 0.6804
2474 0.6804
2475 0.6804
2476 0.6804
2477 0.6804
2478 0.6804
2479 0.6804
2480 0.6804
2481 0.6804
2482 0.6804
2483 0.6804
2484 0.6804
2485 0.6804
2486 0.6804
2487 0.6804
2488 0.6804
2489 0.6804
2490 0.6804
2491 0.6804
2492 0.6804
2493 0.6804
2494 0.6804
2495 0.6804
2496 0.6804
2497 0.6804
2498 0.6804
2499 0.6804
2500 0.6804
2501 0.6804
2502 0.6804
2503 0.6804
2504 0.6804
2505 0.6804
2506 0.6804
2507 0.6804
2508 0.6804
2509 0.6804
2510 0.6804
2511 0.6804
2512 0.6804
2513 0.6804
2514 0.6804
2515 0.6804
2516 0.6804
2517 0.6804
2518 0.6804
2519 0.6804
2520 0.6804
2521 0.6804
2522 0.6804
2523 0.6804
2524 0.6804
2525 0.6804
2526 0.6804
2527 0.6804
2528 0.6804
2529 0.6804
2530 0.6804
2531 0.6804
2532 0.6804
2533 0.6804
2534 0.6804
2535 0.6804
2536 0.6804
2537 0.6804
2538 0.6804
2539 0.6804
2540 0.6804
2541 0.6804
2542 0.6804
2543 0.6804
2544 0.6804
2545 0.6804
2546 0.6804
2547 0.6804
2548 0.6804
2549 0.6804
2550 0.6804
2551 0.6804
2552 0.6804
2553 0.6804
2554 0.6804
2555 0.6804
2556 0.6804
2557 0.6804
2558 0.6804
2559 0.6804
2560 0.6804
2561 0.6804
2562 0.6804
2563 0.6804
2564 0.6804
2565 0.6804
2566 0.6804
2567 0.6804
2568 0.6804
2569 0.6804
2570 0.6804
2571 0.6804
2572 0.6804
2573 0.6804
2574 0.6804
2575 0.6804
2576 0.6804
2577 0.6804
2578 0.6804
2579 0.6804
2580 0.6804
2581 0.6804
2582 0.6804
2583 0.6804
2584 0.6804
2585 0.6804
2586 0.6804
2587 0.6804
2588 0.6804
2589 0.6804
2590 0.6804
2591 0.6804
2592 0.6804
2593 0.6804
2594 0.6804
2595 0.6804
2596 0.6804
2597 0.6804
2598 0.6804
2599 0.6804
2600 0.6804
2601 0.6804
2602 0.6804
2603 0.6804
2604 0.6804
2605 0.6804
2606 0.6804
2607 0.6804
2608 0.6804
2609 0.6804
2610 0.6804
2611 0.6804
2612 0.6804
2613 0.6804
2614 0.6804
2615 0.6804
2616 0.6804
2617 0.6804
2618 0.6804
2619 0.6804
2620 0.6804
2621 0.6804
2622 0.6804
2623 0.6804
2624 0.6804
2625 0.6804
2626 0.6804
2627 0.6804
2628 0.6804
2629 0.6804
2630 0.6804
2631 0.6804
2632 0.6804
2633 0.6804
2634 0.6804
2635 0.6804
2636 0.6804
2637 0.6804
2638 0.6804
2639 0.6804
2640 0.6804
2641 0.6804
2642 0.6804
2643 0.6804
2644 0.6804
2645 0.6804
2646 0.6804
2647 0.6804
2648 0.6804
2649 0.6804
2650 0.6804
2651 0.6804
2652 0.6804
2653 0.6804
2654 0.6804
2655 0.6804
2656 0.6804
2657 0.6804
2658 0.6804
2659 0.6804
2660 0.6804
2661 0.6804
2662 0.6804
2663 0.6804
2664 0.6804
2665 0.6804
2666 0.6804
2667 0.6804
2668 0.6804
2669 0.6804
2670 0.6804
2671 0.6804
2672 0.6804
2673 0.6804
2674 0.6804
2675 0.6804
2676 0.6804
2677 0.6804
2678 0.6804
2679 0.6804
2680 0.6804
2681 0.6804
2682 0.6804
2683 0.6804
2684 0.6804
2685 0.6804
2686 0.6804
2687 0.6804
2688 0.6804
2689 0.6804
2690 0.6804
2691 0.6804
2692 0.6804
2693 0.6804
2694 0.6804
2695 0.6804
2696 0.6804
2697 0.6804
2698 0.6804
2699 0.6804
2700 0.6804
2701 0.6804
2702 0.6804
2703 0.6804
2704 0.6804
2705 0.6804
2706 0.6804
2707 0.6804
2708 0.6804
2709 0.6804
2710 0.6804
2711 0.6804
2712 0.6804
2713 0.6804
2714 0.6804
2715 0.6804
2716 0.6804
2717 0.6804
2718 0.6804
2719 0.6804
2720 0.6804
2721 0.6804
2722 0.6804
2723 0.6804
2724 0.6804
2725 0.6804
2726 0.6804
2727 0.6804
2728 0.6804
2729 0.6804
2730 0.6804
2731 0.6804
2732 0.6804
2733 0.6804
2734 0.6804
2735 0.6804
2736 0.6804
2737 0.6804
2738 0.6804
2739 0.6804
2740 0.6804
2741 0.6804
2742 0.6804
2743 0.6804
2744 0.6804
2745 0.6804
2746 0.6804
2747 0.6804
2748 0.6804
2749 0.6804
2750 0.6804
2751 0.6804
2752 0.6804
2753 0.6804
2754 0.6804
2755 0.6804
2756 0.6804
2757 0.6804
2758 0.6804
2759 0.6804
2760 0.6804
2761 0.6804
2762 0.6804
2763 0.6804
2764 0.6804
2765 0.6804
2766 0.6804
2767 0.6804
2768 0.6804
2769 0.6804
2770 0.6804
2771 0.6804
2772 0.6804
2773 0.6804
2774 0.6804
2775 0.6804
2776 0.6804
2777 0.6804
2778 0.6804
2779 0.6804
2780 0.6804
2781 0.6804
2782 0.6804
2783 0.6804
2784 0.6804
2785 0.6804
2786 0.6804
2787 0.6804
2788 0.6804
2789 0.6804
2790 0.6804
2791 0.6804
2792 0.6804
2793 0.6804
2794 0.6804
2795 0.6804
2796 0.6804
2797 0.6804
2798 0.6804
2799 0.6804
2800 0.6804
2801 0.6804
2802 0.6804
2803 0.6804
2804 0.6804
2805 0.6804
2806 0.6804
2807 0.6804
2808 0.6804
2809 0.6804
2810 0.6804
2811 0.6804
2812 0.6804
2813 0.6804
2814 0.6804
2815 0.6804
2816 0.6804
2817 0.6804
2818 0.6804
2819 0.6804
2820 0.6804
2821 0.6804
2822 0.6804
2823 0.6804
2824 0.6804
2825 0.6804
2826 0.6804
2827 0.6804
2828 0.6804
2829 0.6804
2830 0.6804
2831 0.6804
2832 0.6804
2833 0.6804
2834 0.6804
2835 0.6804
2836 0.6804
2837 0.6804
2838 0.6804
2839 0.6804
2840 0.6804
2841 0.6804
2842 0.6804
2843 0.6804
2844 0.6804
2845 0.6804
2846 0.6804
2847 0.6804
2848 0.6804
2849 0.6804
2850 0.6804
2851 0.6804
2852 0.6804
2853 0.6804
2854 0.6804
2855 0.6804
2856 0.6804
2857 0.6804
2858 0.6804
2859 0.6804
2860 0.6804
2861 0.6804
2862 0.6804
2863 0.6804
2864 0.6804
2865 0.6804
2866 0.6804
2867 0.6804
2868 0.6804
2869 0.6804
2870 0.6804
2871 0.6804
2872 0.6804
2873 0.6804
2874 0.6804
2875 0.6804
2876 0.6804
2877 0.6804
2878 0.6804
2879 0.6804
2880 0.6804
2881 0.6804
2882 0.6804
2883 0.6804
2884 0.6804
2885 0.6804
2886 0.6804
2887 0.6804
2888 0.6804
2889 0.6804
2890 0.6804
2891 0.6804
2892 0.6804
2893 0.6804
2894 0.6804
2895 0.6804
2896 0.6804
2897 0.6804
2898 0.6804
2899 0.6804
2900 0.6804
2901 0.6804
2902 0.6804
2903 0.6804
2904 0.6804
2905 0.6804
2906 0.6804
2907 0.6804
2908 0.6804
2909 0.6804
2910 0.6804
2911 0.6804
2912 0.6804
2913 0.6804
2914 0.6804
2915 0.6804
2916 0.6804
2917 0.6804
2918 0.6804
2919 0.6804
2920 0.6804
2921 0.6804
2922 0.6804
2923 0.6804
2924 0.6804
2925 0.6804
2926 0.6804
2927 0.6804
2928 0.6804
2929 0.6804
2930 0.6804
2931 0.6804
2932 0.6804
2933 0.6804
2934 0.6804
2935 0.6804
2936 0.6804
2937 0.6804
2938 0.6804
2939 0.6804
2940 0.6804
2941 0.6804
2942 0.6804
2943 0.6804
2944 0.6804
2945 0.6804
2946 0.6804
2947 0.6804
2948 0.6804
2949 0.6804
2950 0.6804
2951 0.6804
2952 0.6804
2953 0.6804
2954 0.6804
2955 0.6804
2956 0.6804
2957 0.6804
2958 0.6804
2959 0.6804
2960 0.6804
2961 0.6804
2962 0.6804
2963 0.6804
2964 0.6804
2965 0.6804
2966 0.6804
2967 0.6804
2968 0.6804
2969 0.6804
2970 0.6804
2971 0.6804
2972 0.6804
2973 0.6804
2974 0.6804
2975 0.6804
2976 0.6804
2977 0.6804
2978 0.6804
2979 0.6804
2980 0.6804
2981 0.6804
2982 0.6804
2983 0.6804
2984 0.6804
2985 0.6804
2986 0.6804
2987 0.6804
2988 0.6804
2989 0.6804
2990 0.6804
2991 0.6804
2992 0.6804
2993 0.6804
2994 0.6804
2995 0.6804
2996 0.6804
2997 0.6804
2998 0.6804
2999 0.6804
3000 0.6804
3001 0.6804
3002 0.6804
3003 0.6804
3004 0.6804
3005 0.6804
3006 0.6804
3007 0.6804
3008 0.6804
3009 0.6804
3010 0.6804
3011 0.6804
3012 0.6804
3013 0.6804
3014 0.6804
3015 0.6804
3016 0.6804
3017 0.6804
3018 0.6804
3019 0.6804
3020 0.6804
3021 0.6804
3022 0.6804
3023 0.6804
3024 0.6804
3025 0.6804
3026 0.6804
3027 0.6804
3028 0.6804
3029 0.6804
3030 0.6804
3031 0.6804
3032 0.6804
3033 0.6804
3034 0.6804
3035 0.6804
3036 0.6804
3037 0.6804
3038 0.6804
3039 0.6804
3040 0.6804
3041 0.6804
3042 0.6804
3043 0.6804
3044 0.6804
3045 0.6804
3046 0.6804
3047 0.6804
3048 0.6804
3049 0.6804
3050 0.6804
3051 0.6804
3052 0.6804
3053 0.6804
3054 0.6804
3055 0.6804
3056 0.6804
3057 0.6804
3058 0.6804
3059 0.6804
3060 0.6804
3061 0.6804
3062 0.6804
3063 0.6804
3064 0.6804
3065 0.6804
3066 0.6804
3067 0.6804
3068 0.6804
3069 0.6804
3070 0.6804
3071 0.6804
3072 0.6804
3073 0.6804
3074 0.6804
3075 0.6804
3076 0.6804
3077 0.6804
3078 0.6804
3079 0.6804
3080 0.6804
3081 0.6804
3082 0.6804
3083 0.6804
3084 0.6804
3085 0.6804
3086 0.6804
3087 0.6804
3088 0.6804
3089 0.6804
3090 0.6804
3091 0.6804
3092 0.6804
3093 0.6804
3094 0.6804
3095 0.6804
3096 0.6804
3097 0.6804
3098 0.6804
3099 0.6804
3100 0.6804
3101 0.6804
3102 0.6804
3103 0.6804
3104 0.6804
3105 0.6804
3106 0.6804
3107 0.6804
3108 0.6804
3109 0.6804
3110 0.6804
3111 0.6804
3112 0.6804
3113 0.6804
3114 0.6804
3115 0.6804
3116 0.6804
3117 0.6804
3118 0.6804
3119 0.6804
3120 0.6804
3121 0.6804
3122 0.6804
3123 0.6804
3124 0.6804
3125 0.6804
3126 0.6804
3127 0.6804
3128 0.6804
3129 0.6804
3130 0.6804
3131 0.6804
3132 0.6804
3133 0.6804
3134 0.6804
3135 0.6804
3136 0.6804
3137 0.6804
3138 0.6804
3139 0.6804
3140 0.6804
3141 0.6804
3142 0.6804
3143 0.6804
3144 0.6804
3145 0.6804
3146 0.6804
3147 0.6804
3148 0.6804
3149 0.6804
3150 0.6804
3151 0.6804
3152 0.6804
3153 0.6804
3154 0.6804
3155 0.6804
3156 0.6804
3157 0.6804
3158 0.6804
3159 0.6804
3160 0.6804
3161 0.6804
3162 0.6804
3163 0.6804
3164 0.6804
3165 0.6804
3166 0.6804
3167 0.6804
3168 0.6804
3169 0.6804
3170 0.6804
3171 0.6804
3172 0.6804
3173 0.6804
3174 0.6804
3175 0.6804
3176 0.6804
3177 0.6804
3178 0.6804
3179 0.6804
3180 0.6804
3181 0.6804
3182 0.6804
3183 0.6804
3184 0.6804
3185 0.6804
3186 0.6804
3187 0.6804
3188 0.6804
3189 0.6804
3190 0.6804
3191 0.6804
3192 0.6804
3193 0.6804
3194 0.6804
3195 0.6804
3196 0.6804
3197 0.6804
3198 0.6804
3199 0.6804
3200 0.6804
3201 0.6804
3202 0.6804
3203 0.6804
3204 0.6804
3205 0.6804
3206 0.6804
3207 0.6804
3208 0.6804
3209 0.6804
3210 0.6804
3211 0.6804
3212 0.6804
3213 0.6804
3214 0.6804
3215 0.6804
3216 0.6804
3217 0.6804
3218 0.6804
3219 0.6804
3220 0.6804
3221 0.6804
3222 0.6804
3223 0.6804
3224 0.6804
3225 0.6804
3226 0.6804
3227 0.6804
3228 0.6804
3229 0.6804
3230 0.6804
3231 0.6804
3232 0.6804
3233 0.6804
3234 0.6804
3235 0.6804
3236 0.6804
3237 0.6804
3238 0.6804
3239 0.6804
3240 0.6804
3241 0.6804
3242 0.6804
3243 0.6804
3244 0.6804
3245 0.6804
3246 0.6804
3247 0.6804
3248 0.6804
3249 0.6804
3250 0.6804
3251 0.6804
3252 0.6804
3253 0.6804
3254 0.6804
3255 0.6804
3256 0.6804
3257 0.6804
3258 0.6804
3259 0.6804
3260 0.6804
3261 0.6804
3262 0.6804
3263 0.6804
3264 0.6804
3265 0.6804
3266 0.6804
3267 0.6804
3268 0.6804
3269 0.6804
3270 0.6804
3271 0.6804
3272 0.6804
3273 0.6804
3274 0.6804
3275 0.6804
3276 0.6804
3277 0.6804
3278 0.6804
3279 0.6804
3280 0.6804
3281 0.6804
3282 0.6804
3283 0.6804
3284 0.6804
3285 0.6804
3286 0.6804
3287 0.6804
3288 0.6804
3289 0.6804
3290 0.6804
3291 0.6804
3292 0.6804
3293 0.6804
3294 0.6804
3295 0.6804
3296 0.6804
3297 0.6804
3298 0.6804
3299 0.6804
3300 0.6804
3301 0.6804
3302 0.6804
3303 0.6804
3304 0.6804
3305 0.6804
3306 0.6804
3307 0.6804
3308 0.6804
3309 0.6804
3310 0.6804
3311 0.6804
3312 0.6804
3313 0.6804
3314 0.6804
3315 0.6804
3316 0.6804
3317 0.6804
3318 0.6804
3319 0.6804
3320 0.6804
3321 0.6804
3322 0.6804
3323 0.6804
3324 0.6804
3325 0.6804
3326 0.6804
3327 0.6804
3328 0.6804
3329 0.6804
3330 0.6804
3331 0.6804
3332 0.6804
3333 0.6804
3334 0.6804
3335 0.6804
3336 0.6804
3337 0.6804
3338 0.6804
3339 0.6804
3340 0.6804
3341 0.6804
3342 0.6804
3343 0.6804
3344 0.6804
3345 0.6804
3346 0.6804
3347 0.6804
3348 0.6804
3349 0.6804
3350 0.6804
3351 0.6804
3352 0.6804
3353 0.6804
3354 0.6804
3355 0.6804
3356 0.6804
3357 0.6804
3358 0.6804
3359 0.6804
3360 0.6804
3361 0.6804
3362 0.6804
3363 0.6804
3364 0.6804
3365 0.6804
3366 0.6804
3367 0.6804
3368 0.6804
3369 0.6804
3370 0.6804
3371 0.6804
3372 0.6804
3373 0.6804
3374 0.6804
3375 0.6804
3376 0.6804
3377 0.6804
3378 0.6804
3379 0.6804
3380 0.6804
3381 0.6804
3382 0.6804
3383 0.6804
3384 0.6804
3385 0.6804
3386 0.6804
3387 0.6804
3388 0.6804
3389 0.6804
3390 0.6804
3391 0.6804
3392 0.6804
3393 0.6804
3394 0.6804
3395 0.6804
3396 0.6804
3397 0.6804
3398 0.6804
3399 0.6804
3400 0.6804
3401 0.6804
3402 0.6804
3403 0.6804
3404 0.6804
3405 0.6804
3406 0.6804
3407 0.6804
3408 0.6804
3409 0.6804
3410 0.6804
3411 0.6804
3412 0.6804
3413 0.6804
3414 0.6804
3415 0.6804
3416 0.6804
3417 0.6804
3418 0.6804
3419 0.6804
3420 0.6804
3421 0.6804
3422 0.6804
3423 0.6804
3424 0.6804
3425 0.6804
3426 0.6804
3427 0.6804
3428 0.6804
3429 0.6804
3430 0.6804
3431 0.6804
3432 0.6804
3433 0.6804
3434 0.6804
3435 0.6804
3436 0.6804
3437 0.6804
3438 0.6804
3439 0.6804
3440 0.6804
3441 0.6804
3442 0.6804
3443 0.6804
3444 0.6804
3445 0.6804
3446 0.6804
3447 0.6804
3448 0.6804
3449 0.6804
3450 0.6804
3451 0.6804
3452 0.6804
3453 0.6804
3454 0.6804
3455 0.6804
3456 0.6804
3457 0.6804
3458 0.6804
3459 0.6804
3460 0.6804
3461 0.6804
3462 0.6804
3463 0.6804
3464 0.6804
3465 0.6804
3466 0.6804
3467 0.6804
3468 0.6804
3469 0.6804
3470 0.6804
3471 0.6804
3472 0.6804
3473 0.6804
3474 0.6804
3475 0.6804
3476 0.6804
3477 0.6804
3478 0.6804
3479 0.6804
3480 0.6804
3481 0.6804
3482 0.6804
3483 0.6804
3484 0.6804
3485 0.6804
3486 0.6804
3487 0.6804
3488 0.6804
3489 0.6804
3490 0.6804
3491 0.6804
3492 0.6804
3493 0.6804
3494 0.6804
3495 0.6804
3496 0.6804
3497 0.6804
3498 0.6804
3499 0.6804
3500 0.6804
3501 0.6804
3502 0.6804
3503 0.6804
3504 0.6804
3505 0.6804
3506 0.6804
3507 0.6804
3508 0.6804
3509 0.6804
3510 0.6804
3511 0.6804
3512 0.6804
3513 0.6804
3514 0.6804
3515 0.6804
3516 0.6804
3517 0.6804
3518 0.6804
3519 0.6804
3520 0.6804
3521 0.6804
3522 0.6804
3523 0.6804
3524 0.6804
3525 0.6804
3526 0.6804
3527 0.6804
3528 0.6804
3529 0.6804
3530 0.6804
3531 0.6804
3532 0.6804
3533 0.6804
3534 0.6804
3535 0.6804
3536 0.6804
3537 0.6804
3538 0.6804
3539 0.6804
3540 0.6804
3541 0.6804
3542 0.6804
3543 0.6804
3544 0.6804
3545 0.6804
3546 0.6804
3547 0.6804
3548 0.6804
3549 0.6804
3550 0.6804
3551 0.6804
3552 0.6804
3553 0.6804
3554 0.6804
3555 0.6804
3556 0.6804
3557 0.6804
3558 0.6804
3559 0.6804
3560 0.6804
3561 0.6804
3562 0.6804
3563 0.6804
3564 0.6804
3565 0.6804
3566 0.6804
3567 0.6804
3568 0.6804
3569 0.6804
3570 0.6804
3571 0.6804
3572 0.6804
3573 0.6804
3574 0.6804
3575 0.6804
3576 0.6804
3577 0.6804
3578 0.6804
3579 0.6804
3580 0.6804
3581 0.6804
3582 0.6804
3583 0.6804
3584 0.6804
3585 0.6804
3586 0.6804
3587 0.6804
3588 0.6804
3589 0.6804
3590 0.6804
3591 0.6804
3592 0.6804
3593 0.6804
3594 0.6804
3595 0.6804
3596 0.6804
3597 0.6804
3598 0.6804
3599 0.6804
3600 0.6804
3601 0.6804
3602 0.6804
3603 0.6804
3604 0.6804
3605 0.6804
3606 0.6804
3607 0.6804
3608 0.6804
3609 0.6804
3610 0.6804
3611 0.6804
3612 0.6804
3613 0.6804
3614 0.6804
3615 0.6804
3616 0.6804
3617 0.6804
3618 0.6804
3619 0.6804
3620 0.6804
3621 0.6804
3622 0.6804
3623 0.6804
3624 0.6804
3625 0.6804
3626 0.6804
3627 0.6804
3628 0.6804
3629 0.6804
3630 0.6804
3631 0.6804
3632 0.6804
3633 0.6804
3634 0.6804
3635 0.6804
3636 0.6804
3637 0.6804
3638 0.6804
3639 0.6804
3640 0.6804
3641 0.6804
3642 0.6804
3643 0.6804
3644 0.6804
3645 0.6804
3646 0.6804
3647 0.6804
3648 0.6804
3649 0.6804
3650 0.6804
3651 0.6804
3652 0.6804
3653 0.6804
3654 0.6804
3655 0.6804
3656 0.6804
3657 0.6804
3658 0.6804
3659 0.6804
3660 0.6804
3661 0.6804
3662 0.6804
3663 0.6804
3664 0.6804
3665 0.6804
3666 0.6804
3667 0.6804
3668 0.6804
3669 0.6804
3670 0.6804
3671 0.6804
3672 0.6804
3673 0.6804
3674 0.6804
3675 0.6804
3676 0.6804
3677 0.6804
3678 0.6804
3679 0.6804
3680 0.6804
3681 0.6804
3682 0.6804
3683 0.6804
3684 0.6804
3685 0.6804
3686 0.6804
3687 0.6804
3688 0.6804
3689 0.6804
3690 0.6804
3691 0.6804
3692 0.6804
3693 0.6804
3694 0.6804
3695 0.6804
3696 0.6804
3697 0.6804
3698 0.6804
3699 0.6804
3700 0.6804
3701 0.6804
3702 0.6804
3703 0.6804
3704 0.6804
3705 0.6804
3706 0.6804
3707 0.6804
3708 0.6804
3709 0.6804
3710 0.6804
3711 0.6804
3712 0.6804
3713 0.6804
3714 0.6804
3715 0.6804
3716 0.6804
3717 0.6804
3718 0.6804
3719 0.6804
3720 0.6804
3721 0.6804
3722 0.6804
3723 0.6804
3724 0.6804
3725 0.6804
3726 0.6804
3727 0.6804
3728 0.6804
3729 0.6804
3730 0.6804
3731 0.6804
3732 0.6804
3733 0.6804
3734 0.6804
3735 0.6804
3736 0.6804
3737 0.6804
3738 0.6804
3739 0.6804
3740 0.6804
3741 0.6804
3742 0.6804
3743 0.6804
3744 0.6804
3745 0.6804
3746 0.6804
3747 0.6804
3748 0.6804
3749 0.6804
3750 0.6804
3751 0.6804
3752 0.6804
3753 0.6804
3754 0.6804
3755 0.6804
3756 0.6804
3757 0.6804
3758 0.6804
3759 0.6804
3760 0.6804
3761 0.6804
3762 0.6804
3763 0.6804
3764 0.6804
3765 0.6804
3766 0.6804
3767 0.6804
3768 0.6804
3769 0.6804
3770 0.6804
3771 0.6804
3772 0.6804
3773 0.6804
3774 0.6804
3775 0.6804
3776 0.6804
3777 0.6804
3778 0.6804
3779 0.6804
3780 0.6804
3781 0.6804
3782 0.6804
3783 0.6804
3784 0.6804
3785 0.6804
3786 0.6804
3787 0.6804
3788 0.6804
3789 0.6804
3790 0.6804
3791 0.6804
3792 0.6804
3793 0.6804
3794 0.6804
3795 0.6804
3796 0.6804
3797 0.6804
3798 0.6804
3799 0.6804
3800 0.6804
3801 0.6804
3802 0.6804
3803 0.6804
3804 0.6804
3805 0.6804
3806 0.6804
3807 0.6804
3808 0.6804
3809 0.6804
3810 0.6804
3811 0.6804
3812 0.6804
3813 0.6804
3814 0.6804
3815 0.6804
3816 0.6804
3817 0.6804
3818 0.6804
3819 0.6804
3820 0.6804
3821 0.6804
3822 0.6804
3823 0.6804
3824 0.6804
3825 0.6804
3826 0.6804
3827 0.6804
3828 0.6804
3829 0.6804
3830 0.6804
3831 0.6804
3832 0.6804
3833 0.6804
3834 0.6804
3835 0.6804
3836 0.6804
3837 0.6804
3838 0.6804
3839 0.6804
3840 0.6804
3841 0.6804
3842 0.6804
3843 0.6804
3844 0.6804
3845 0.6804
3846 0.6804
3847 0.6804
3848 0.6804
3849 0.6804
3850 0.6804
3851 0.6804
3852 0.6804
3853 0.6804
3854 0.6804
3855 0.6804
3856 0.6804
3857 0.6804
3858 0.6804
3859 0.6804
3860 0.6804
3861 0.6804
3862 0.6804
3863 0.6804
3864 0.6804
3865 0.6804
3866 0.6804
3867 0.6804
3868 0.6804
3869 0.6804
3870 0.6804
3871 0.6804
3872 0.6804
3873 0.6804
3874 0.6804
3875 0.6804
3876 0.6804
3877 0.6804
3878 0.6804
3879 0.6804
3880 0.6804
3881 0.6804
3882 0.6804
3883 0.6804
3884 0.6804
3885 0.6804
3886 0.6804
3887 0.6804
3888 0.6804
3889 0.6804
3890 0.6804
3891 0.6804
3892 0.6804
3893 0.6804
3894 0.6804
3895 0.6804
3896 0.6804
3897 0.6804
3898 0.6804
3899 0.6804
3900 0.6804
3901 0.6804
3902 0.6804
3903 0.6804
3904 0.6804
3905 0.6804
3906 0.6804
3907 0.6804
3908 0.6804
3909 0.6804
3910 0.6804
3911 0.6804
3912 0.6804
3913 0.6804
3914 0.6804
3915 0.6804
3916 0.6804
3917 0.6804
3918 0.6804
3919 0.6804
3920 0.6804
3921 0.6804
3922 0.6804
3923 0.6804
3924 0.6804
3925 0.6804
3926 0.6804
3927 0.6804
3928 0.6804
3929 0.6804
3930 0.6804
3931 0.6804
3932 0.6804
3933 0.6804
3934 0.6804
3935 0.6804
3936 0.6804
3937 0.6804
3938 0.6804
3939 0.6804
3940 0.6804
3941 0.6804
3942 0.6804
3943 0.6804
3944 0.6804
3945 0.6804
3946 0.6804
3947 0.6804
3948 0.6804
3949 0.6804
3950 0.6804
3951 0.6804
3952 0.6804
3953 0.6804
3954 0.6804
3955 0.6804
3956 0.6804
3957 0.6804
3958 0.6804
3959 0.6804
3960 0.6804
3961 0.6804
3962 0.6804
3963 0.6804
3964 0.6804
3965 0.6804
3966 0.6804
3967 0.6804
3968 0.6804
3969 0.6804
3970 0.6804
3971 0.6804
3972 0.6804
3973 0.6804
3974 0.6804
3975 0.6804
3976 0.6804
3977 0.6804
3978 0.6804
3979 0.6804
3980 0.6804
3981 0.6804
3982 0.6804
3983 0.6804
3984 0.6804
3985 0.6804
3986 0.6804
3987 0.6804
3988 0.6804
3989 0.6804
3990 0.6804
3991 0.6804
3992 0.6804
3993 0.6804
3994 0.6804
3995 0.6804
3996 0.6804
3997 0.6804
3998 0.6804
3999 0.6804
4000 0.6804
4001 0.6804
4002 0.6804
4003 0.6804
4004 0.6804
4005 0.6804
4006 0.6804
4007 0.6804
4008 0.6804
4009 0.6804
4010 0.6804
4011 0.6804
4012 0.6804
4013 0.6804
4014 0.6804
4015 0.6804
4016 0.6804
4017 0.6804
4018 0.6804
4019 0.6804
4020 0.6804
4021 0.6804
4022 0.6804
4023 0.6804
4024 0.6804
4025 0.6804
4026 0.6804
4027 0.6804
4028 0.6804
4029 0.6804
4030 0.6804
4031 0.6804
