1 0.50812
2 0.50864
3 0.50884
4 0.50936
5 0.50964
6 0.51
7 0.5108
8 0.51148
9 0.51188
10 0.51208
11 0.51276
12 0.51332
13 0.5144
14 0.51508
15 0.51528
16 0.5156
17 0.51648
18 0.51668
19 0.51704
20 0.51748
21 0.51796
22 0.51852
23 0.51936
24 0.52008
25 0.52052
26 0.52072
27 0.52092
28 0.52152
29 0.52212
30 0.52232
31 0.52248
32 0.52324
33 0.5234
34 0.52356
35 0.52372
36 0.52388
37 0.52408
38 0.52516
39 0.52532
40 0.52556
41 0.52576
42 0.526
43 0.52632
44 0.52656
45 0.52672
46 0.5272
47 0.52736
48 0.52752
49 0.52768
50 0.52784
51 0.52816
52 0.52864
53 0.52944
54 0.52964
55 0.5298
56 0.52996
57 0.53012
58 0.53056
59 0.53076
60 0.53124
61 0.53144
62 0.5316
63 0.53176
64 0.53204
65 0.53224
66 0.53248
67 0.5328
68 0.53316
69 0.53368
70 0.53388
71 0.53408
72 0.53424
73 0.53464
74 0.5348
75 0.53496
76 0.53512
77 0.53528
78 0.53544
79 0.53576
80 0.53592
81 0.53608
82 0.53624
83 0.5364
84 0.53656
85 0.53684
86 0.537
87 0.53736
88 0.53752
89 0.53768
90 0.53784
91 0.538
92 0.53844
93 0.53872
94 0.53924
95 0.53952
96 0.54004
97 0.5402
98 0.54036
99 0.54052
100 0.54068
101 0.54084
102 0.541
103 0.54132
104 0.54148
105 0.54164
106 0.5418
107 0.54196
108 0.54212
109 0.54228
110 0.54244
111 0.5426
112 0.54276
113 0.54292
114 0.54304
115 0.54316
116 0.54328
117 0.5434
118 0.54352
119 0.54364
120 0.54376
121 0.54388
122 0.544
123 0.54412
124 0.54424
125 0.54436
126 0.54448
127 0.5446
128 0.54472
129 0.54484
130 0.54496
131 0.54508
132 0.5452
133 0.54532
134 0.54544
135 0.54556
136 0.54568
137 0.5458
138 0.54592
139 0.54604
140 0.54616
141 0.54628
142 0.5464
143 0.54652
144 0.54664
145 0.54676
146 0.54688
147 0.547
148 0.54712
149 0.54724
150 0.54736
151 0.54748
152 0.5476
153 0.54772
154 0.54784
155 0.54796
156 0.54808
157 0.5482
158 0.54832
159 0.54844
160 0.54856
161 0.54868
162 0.5488
163 0.54892
164 0.54904
165 0.54916
166 0.54928
167 0.5494
168 0.54952
169 0.54964
170 0.54976
171 0.54988
172 0.55
173 0.55012
174 0.55024
175 0.55036
176 0.55048
177 0.5506
178 0.55072
179 0.55084
180 0.55096
181 0.55108
182 0.5512
183 0.55132
184 0.55148
185 0.5516
186 0.55172
187 0.55184
188 0.55196
189 0.55208
190 0.5522
191 0.55232
192 0.55244
193 0.55256
194 0.55268
195 0.5528
196 0.55292
197 0.55304
198 0.55316
199 0.55328
200 0.5534
201 0.55352
202 0.55364
203 0.55376
204 0.55388
205 0.554
206 0.55412
207 0.55424
208 0.55436
209 0.55448
210 0.5546
211 0.55472
212 0.55484
213 0.55496
214 0.55508
215 0.5552
216 0.55532
217 0.55544
218 0.55556
219 0.55568
220 0.5558
221 0.55592
222 0.55604
223 0.55616
224 0.55628
225 0.5564
226 0.55652
227 0.55664
228 0.55676
229 0.55688
230 0.557
231 0.55712
232 0.55724
233 0.55736
234 0.55748
235 0.5576
236 0.55772
237 0.55784
238 0.55796
239 0.55808
240 0.5582
241 0.55832
242 0.55844
243 0.55856
244 0.55868
245 0.5588
246 0.55892
247 0.55904
248 0.55916
249 0.55928
250 0.5594
251 0.55952
252 0.55964
253 0.55976
254 0.55988
255 0.56
256 0.56012
257 0.56024
258 0.56036
259 0.56048
260 0.5606
261 0.56072
262 0.56084
263 0.56096
264 0.56108
265 0.5612
266 0.56132
267 0.56144
268 0.56156
269 0.56168
270 0.5618
271 0.56192
272 0.56204
273 0.56216
274 0.56228
275 0.5624
276 0.56252
277 0.56264
278 0.56276
279 0.56288
280 0.563
281 0.56312
282 0.56324
283 0.56336
284 0.56348
285 0.5636
286 0.56372
287 0.56384
288 0.56396
289 0.56408
290 0.5642
291 0.56432
292 0.56444
293 0.56456
294 0.56468
295 0.5648
296 0.56492
297 0.56504
298 0.56516
299 0.56528
300 0.5654
301 0.56552
302 0.56564
303 0.56576
304 0.56588
305 0.566
306 0.56612
307 0.56624
308 0.56636
309 0.56648
310 0.5666
311 0.56672
312 0.56684
313 0.56696
314 0.56708
315 0.5672
316 0.56732
317 0.56744
318 0.56756
319 0.56768
320 0.5678
321 0.56792
322 0.56804
323 0.56816
324 0.56828
325 0.5684
326 0.56852
327 0.56864
328 0.56876
329 0.56888
330 0.569
331 0.56912
332 0.56924
333 0.56936
334 0.56948
335 0.5696
336 0.56972
337 0.56984
338 0.56996
339 0.57008
340 0.5702
341 0.57032
342 0.57044
343 0.57056
344 0.57068
345 0.5708
346 0.57092
347 0.57104
348 0.57116
349 0.57128
350 0.5714
351 0.57152
352 0.57164
353 0.57172
354 0.57184
355 0.57192
356 0.572
357 0.57208
358 0.57216
359 0.57224
360 0.57232
361 0.5724
362 0.57248
363 0.57256
364 0.57264
365 0.57272
366 0.5728
367 0.57288
368 0.573
369 0.57308
370 0.57316
371 0.57324
372 0.57332
373 0.5734
374 0.57348
375 0.57356
376 0.57364
377 0.57372
378 0.5738
379 0.57388
380 0.57396
381 0.57404
382 0.57412
383 0.57424
384 0.57432
385 0.5744
386 0.57448
387 0.57456
388 0.57464
389 0.57476
390 0.57484
391 0.57492
392 0.57504
393 0.57512
394 0.5752
395 0.57528
396 0.57536
397 0.57544
398 0.57552
399 0.5756
400 0.57568
401 0.57576
402 0.57584
403 0.57592
404 0.576
405 0.57608
406 0.57616
407 0.57624
408 0.57632
409 0.5764
410 0.57648
411 0.57656
412 0.57664
413 0.57672
414 0.5768
415 0.57688
416 0.57696
417 0.57704
418 0.57712
419 0.5772
420 0.57728
421 0.57736
422 0.57744
423 0.57752
424 0.5776
425 0.57768
426 0.57776
427 0.57784
428 0.57792
429 0.578
430 0.57808
431 0.57816
432 0.57824
433 0.57832
434 0.5784
435 0.57848
436 0.57856
437 0.57868
438 0.57876
439 0.57884
440 0.57892
441 0.579
442 0.57908
443 0.57916
444 0.57924
445 0.57932
446 0.5794
447 0.57948
448 0.57956
449 0.57964
450 0.57972
451 0.5798
452 0.57988
453 0.57996
454 0.58004
455 0.58016
456 0.58024
457 0.58032
458 0.5804
459 0.58048
460 0.58056
461 0.58064
462 0.58072
463 0.5808
464 0.58092
465 0.581
466 0.58108
467 0.58116
468 0.58124
469 0.58132
470 0.5814
471 0.58148
472 0.58156
473 0.58164
474 0.58172
475 0.5818
476 0.58188
477 0.58196
478 0.58204
479 0.58212
480 0.5822
481 0.58228
482 0.58236
483 0.58244
484 0.58252
485 0.5826
486 0.58268
487 0.58276
488 0.58288
489 0.58296
490 0.58304
491 0.58312
492 0.5832
493 0.58332
494 0.5834
495 0.58348
496 0.58356
497 0.58364
498 0.58372
499 0.5838
500 0.58388
501 0.58396
502 0.58404
503 0.58412
504 0.5842
505 0.58428
506 0.58436
507 0.58444
508 0.58452
509 0.5846
510 0.58468
511 0.5848
512 0.58488
513 0.585
514 0.58508
515 0.58516
516 0.58524
517 0.58532
518 0.5854
519 0.58548
520 0.58556
521 0.58568
522 0.58576
523 0.58584
524 0.58592
525 0.586
526 0.58612
527 0.5862
528 0.58628
529 0.58636
530 0.58644
531 0.58652
532 0.5866
533 0.58668
534 0.58676
535 0.58684
536 0.58692
537 0.58704
538 0.58712
539 0.5872
540 0.58732
541 0.5874
542 0.58748
543 0.5876
544 0.58768
545 0.58776
546 0.58784
547 0.58792
548 0.588
549 0.58808
550 0.5882
551 0.58828
552 0.58836
553 0.58844
554 0.58852
555 0.5886
556 0.58868
557 0.58876
558 0.58884
559 0.58892
560 0.589
561 0.58908
562 0.5892
563 0.58928
564 0.58936
565 0.58944
566 0.58952
567 0.5896
568 0.58968
569 0.58976
570 0.58984
571 0.58992
572 0.59
573 0.59008
574 0.59016
575 0.59028
576 0.59036
577 0.59044
578 0.59056
579 0.59064
580 0.59072
581 0.5908
582 0.59088
583 0.59096
584 0.59104
585 0.59112
586 0.5912
587 0.59128
588 0.59136
589 0.59144
590 0.59152
591 0.5916
592 0.59168
593 0.5918
594 0.59188
595 0.59196
596 0.59204
597 0.59212
598 0.5922
599 0.59232
600 0.5924
601 0.59248
602 0.5926
603 0.59268
604 0.59276
605 0.59288
606 0.59296
607 0.59304
608 0.59312
609 0.5932
610 0.59328
611 0.59336
612 0.59344
613 0.59352
614 0.5936
615 0.59368
616 0.59376
617 0.59384
618 0.59392
619 0.594
620 0.59408
621 0.59416
622 0.59424
623 0.59432
624 0.5944
625 0.59448
626 0.59456
627 0.59464
628 0.59472
629 0.5948
630 0.59488
631 0.59496
632 0.59504
633 0.59512
634 0.5952
635 0.59528
636 0.59536
637 0.59544
638 0.59552
639 0.59564
640 0.59572
641 0.5958
642 0.59588
643 0.59596
644 0.59604
645 0.59612
646 0.5962
647 0.59628
648 0.59636
649 0.59644
650 0.59652
651 0.59664
652 0.59672
653 0.5968
654 0.59688
655 0.59696
656 0.59704
657 0.59712
658 0.5972
659 0.59728
660 0.59736
661 0.59744
662 0.59752
663 0.5976
664 0.59768
665 0.59776
666 0.59784
667 0.59792
668 0.598
669 0.59808
670 0.59816
671 0.59824
672 0.59832
673 0.5984
674 0.59848
675 0.59856
676 0.59864
677 0.59872
678 0.5988
679 0.59888
680 0.59896
681 0.59904
682 0.59912
683 0.5992
684 0.59928
685 0.59936
686 0.59944
687 0.59956
688 0.59964
689 0.59972
690 0.5998
691 0.59988
692 0.59996
693 0.60004
694 0.60012
695 0.6002
696 0.60028
697 0.60036
698 0.60044
699 0.60052
700 0.6006
701 0.60068
702 0.60076
703 0.60084
704 0.60092
705 0.601
706 0.60108
707 0.60116
708 0.60124
709 0.60132
710 0.6014
711 0.60148
712 0.60156
713 0.60164
714 0.60172
715 0.6018
716 0.60188
717 0.60196
718 0.60204
719 0.60212
720 0.6022
721 0.60228
722 0.60236
723 0.60244
724 0.60252
725 0.6026
726 0.60268
727 0.60276
728 0.60284
729 0.60292
730 0.603
731 0.60308
732 0.6032
733 0.60328
734 0.60336
735 0.60344
736 0.60352
737 0.6036
738 0.60368
739 0.60376
740 0.60384
741 0.60392
742 0.604
743 0.60408
744 0.60416
745 0.60424
746 0.60432
747 0.6044
748 0.60448
749 0.60456
750 0.60464
751 0.60472
752 0.6048
753 0.60488
754 0.60496
755 0.60504
756 0.60512
757 0.6052
758 0.60528
759 0.60536
760 0.60544
761 0.60552
762 0.6056
763 0.60568
764 0.60576
765 0.60584
766 0.60592
767 0.606
768 0.60608
769 0.60616
770 0.60624
771 0.60632
772 0.6064
773 0.60648
774 0.60656
775 0.60664
776 0.60672
777 0.6068
778 0.60688
779 0.60696
780 0.60704
781 0.60712
782 0.6072
783 0.60728
784 0.60736
785 0.60744
786 0.60752
787 0.6076
788 0.60768
789 0.60776
790 0.60784
791 0.60792
792 0.608
793 0.60808
794 0.60816
795 0.60824
796 0.60832
797 0.6084
798 0.60848
799 0.60856
800 0.60864
801 0.60872
802 0.6088
803 0.60888
804 0.60896
805 0.60904
806 0.60912
807 0.6092
808 0.60932
809 0.6094
810 0.60948
811 0.60956
812 0.60964
813 0.60972
814 0.6098
815 0.60988
816 0.60996
817 0.61004
818 0.61012
819 0.6102
820 0.61028
821 0.61036
822 0.61044
823 0.61052
824 0.6106
825 0.61068
826 0.61076
827 0.61084
828 0.61092
829 0.611
830 0.61108
831 0.61116
832 0.61124
833 0.61132
834 0.6114
835 0.61148
836 0.61156
837 0.61164
838 0.61172
839 0.6118
840 0.61188
841 0.61196
842 0.61204
843 0.61212
844 0.6122
845 0.61228
846 0.61236
847 0.61244
848 0.61252
849 0.6126
850 0.61268
851 0.61276
852 0.61284
853 0.61292
854 0.613
855 0.61308
856 0.61316
857 0.61324
858 0.61332
859 0.6134
860 0.61348
861 0.61356
862 0.61364
863 0.61372
864 0.6138
865 0.61388
866 0.61396
867 0.61404
868 0.61412
869 0.6142
870 0.61428
871 0.61436
872 0.61444
873 0.61452
874 0.6146
875 0.61468
876 0.61476
877 0.61484
878 0.61492
879 0.615
880 0.61508
881 0.61516
882 0.61524
883 0.61532
884 0.6154
885 0.61548
886 0.61556
887 0.61564
888 0.61572
889 0.6158
890 0.61588
891 0.61596
892 0.61604
893 0.61612
894 0.6162
895 0.61628
896 0.61636
897 0.61644
898 0.61652
899 0.6166
900 0.61668
901 0.61676
902 0.61684
903 0.61692
904 0.617
905 0.61708
906 0.61716
907 0.61724
908 0.61732
909 0.6174
910 0.61748
911 0.61756
912 0.61764
913 0.61772
914 0.6178
915 0.61788
916 0.61796
917 0.61804
918 0.61812
919 0.6182
920 0.61828
921 0.61836
922 0.61844
923 0.61852
924 0.6186
925 0.61868
926 0.61876
927 0.61884
928 0.61892
929 0.619
930 0.61908
931 0.61916
932 0.61924
933 0.61932
934 0.6194
935 0.61948
936 0.61956
937 0.61964
938 0.61972
939 0.6198
940 0.61988
941 0.61996
942 0.62004
943 0.62012
944 0.6202
945 0.62028
946 0.62036
947 0.62044
948 0.62052
949 0.6206
950 0.62068
951 0.62076
952 0.62084
953 0.62092
954 0.621
955 0.62108
956 0.62116
957 0.62124
958 0.62132
959 0.6214
960 0.62148
961 0.62152
962 0.62156
963 0.6216
964 0.62164
965 0.62168
966 0.62172
967 0.62176
968 0.62184
969 0.62192
970 0.62196
971 0.622
972 0.62204
973 0.62208
974 0.62212
975 0.6222
976 0.62224
977 0.62232
978 0.62236
979 0.62244
980 0.62248
981 0.62256
982 0.6226
983 0.62264
984 0.62268
985 0.62272
986 0.62276
987 0.6228
988 0.62284
989 0.62288
990 0.62292
991 0.62296
992 0.623
993 0.62304
994 0.62308
995 0.62312
996 0.62316
997 0.6232
998 0.62324
999 0.62328
1000 0.62336
1001 0.62344
1002 0.62348
1003 0.62352
1004 0.62356
1005 0.6236
1006 0.62364
1007 0.62372
1008 0.62376
1009 0.62384
1010 0.62388
1011 0.62396
1012 0.624
1013 0.62404
1014 0.62408
1015 0.62412
1016 0.6242
1017 0.62428
1018 0.62432
1019 0.6244
1020 0.62444
1021 0.62452
1022 0.6246
1023 0.62464
1024 0.62468
1025 0.62472
1026 0.62476
1027 0.6248
1028 0.62484
1029 0.62488
1030 0.62492
1031 0.625
1032 0.62508
1033 0.62516
1034 0.6252
1035 0.62528
1036 0.62532
1037 0.6254
1038 0.62548
1039 0.62552
1040 0.62556
1041 0.6256
1042 0.62568
1043 0.62576
1044 0.6258
1045 0.62588
1046 0.62592
1047 0.62596
1048 0.62604
1049 0.62612
1050 0.62616
1051 0.6262
1052 0.62624
1053 0.62628
1054 0.62632
1055 0.62636
1056 0.6264
1057 0.62644
1058 0.62648
1059 0.62652
1060 0.62656
1061 0.6266
1062 0.62668
1063 0.62672
1064 0.62676
1065 0.6268
1066 0.62684
1067 0.62692
1068 0.62696
1069 0.627
1070 0.62704
1071 0.62708
1072 0.62712
1073 0.6272
1074 0.62724
1075 0.62728
1076 0.62732
1077 0.62736
1078 0.62744
1079 0.62748
1080 0.62752
1081 0.62756
1082 0.62764
1083 0.62772
1084 0.62776
1085 0.62784
1086 0.62788
1087 0.62792
1088 0.628
1089 0.62804
1090 0.62812
1091 0.62816
1092 0.62824
1093 0.62828
1094 0.62832
1095 0.62836
1096 0.6284
1097 0.62844
1098 0.62848
1099 0.62852
1100 0.62856
1101 0.62864
1102 0.62868
1103 0.62876
1104 0.6288
1105 0.62888
1106 0.62896
1107 0.629
1108 0.62904
1109 0.62912
1110 0.62916
1111 0.62924
1112 0.62928
1113 0.62932
1114 0.6294
1115 0.62944
1116 0.62948
1117 0.62952
1118 0.62956
1119 0.6296
1120 0.62964
1121 0.62968
1122 0.62972
1123 0.62976
1124 0.6298
1125 0.62984
1126 0.62992
1127 0.63
1128 0.63004
1129 0.63008
1130 0.63012
1131 0.63016
1132 0.6302
1133 0.63028
1134 0.63032
1135 0.6304
1136 0.63044
1137 0.63048
1138 0.63052
1139 0.63056
1140 0.6306
1141 0.63064
1142 0.63068
1143 0.63072
1144 0.63076
1145 0.6308
1146 0.63084
1147 0.63088
1148 0.63092
1149 0.63096
1150 0.631
1151 0.63104
1152 0.63108
1153 0.63116
1154 0.63124
1155 0.63128
1156 0.63132
1157 0.63136
1158 0.6314
1159 0.63148
1160 0.63152
1161 0.63156
1162 0.6316
1163 0.63164
1164 0.63172
1165 0.63176
1166 0.6318
1167 0.63184
1168 0.63192
1169 0.632
1170 0.63204
1171 0.63208
1172 0.63212
1173 0.6322
1174 0.63228
1175 0.63232
1176 0.63236
1177 0.6324
1178 0.63244
1179 0.63248
1180 0.63252
1181 0.63256
1182 0.6326
1183 0.63264
1184 0.63268
1185 0.63272
1186 0.63276
1187 0.63284
1188 0.63292
1189 0.633
1190 0.63304
1191 0.63308
1192 0.63312
1193 0.63316
1194 0.6332
1195 0.63324
1196 0.63332
1197 0.63336
1198 0.6334
1199 0.63344
1200 0.63348
1201 0.63356
1202 0.6336
1203 0.63364
1204 0.63368
1205 0.63376
1206 0.6338
1207 0.63388
1208 0.63392
1209 0.63396
1210 0.634
1211 0.63404
1212 0.63408
1213 0.63412
1214 0.63416
1215 0.6342
1216 0.63428
1217 0.63432
1218 0.6344
1219 0.63444
1220 0.63448
1221 0.63456
1222 0.6346
1223 0.63464
1224 0.63472
1225 0.63476
1226 0.63484
1227 0.63488
1228 0.63492
1229 0.63496
1230 0.635
1231 0.63504
1232 0.63508
1233 0.63512
1234 0.63516
1235 0.6352
1236 0.63524
1237 0.63528
1238 0.63532
1239 0.63536
1240 0.6354
1241 0.63544
1242 0.63548
1243 0.63552
1244 0.63556
1245 0.6356
1246 0.63568
1247 0.63572
1248 0.63576
1249 0.6358
1250 0.63584
1251 0.63588
1252 0.63592
1253 0.636
1254 0.63604
1255 0.63608
1256 0.63612
1257 0.63616
1258 0.6362
1259 0.63624
1260 0.63632
1261 0.6364
1262 0.63644
1263 0.63648
1264 0.63656
1265 0.6366
1266 0.63664
1267 0.63668
1268 0.63672
1269 0.63676
1270 0.6368
1271 0.63684
1272 0.63692
1273 0.63696
1274 0.63704
1275 0.63712
1276 0.63716
1277 0.6372
1278 0.63728
1279 0.63732
1280 0.63736
1281 0.6374
1282 0.63744
1283 0.63748
1284 0.63752
1285 0.63756
1286 0.6376
1287 0.63764
1288 0.63768
1289 0.63776
1290 0.63784
1291 0.63788
1292 0.63796
1293 0.638
1294 0.63804
1295 0.63812
1296 0.63816
1297 0.6382
1298 0.63824
1299 0.63828
1300 0.63836
1301 0.6384
1302 0.63844
1303 0.63852
1304 0.6386
1305 0.63864
1306 0.63868
1307 0.63872
1308 0.63876
1309 0.6388
1310 0.63884
1311 0.63888
1312 0.63892
1313 0.639
1314 0.63908
1315 0.63912
1316 0.63916
1317 0.6392
1318 0.63924
1319 0.63928
1320 0.63932
1321 0.63936
1322 0.6394
1323 0.63944
1324 0.63948
1325 0.63952
1326 0.63956
1327 0.6396
1328 0.63964
1329 0.63972
1330 0.63976
1331 0.6398
1332 0.63984
1333 0.63988
1334 0.63992
1335 0.63996
1336 0.64
1337 0.64004
1338 0.64008
1339 0.64016
1340 0.64024
1341 0.64028
1342 0.64032
1343 0.64036
1344 0.6404
1345 0.64044
1346 0.64048
1347 0.64056
1348 0.64064
1349 0.64068
1350 0.64072
1351 0.6408
1352 0.64084
1353 0.64088
1354 0.64096
1355 0.64104
1356 0.64112
1357 0.64116
1358 0.6412
1359 0.64124
1360 0.64132
1361 0.64136
1362 0.6414
1363 0.64148
1364 0.64152
1365 0.64156
1366 0.64164
1367 0.64168
1368 0.64172
1369 0.64176
1370 0.6418
1371 0.64184
1372 0.64188
1373 0.64192
1374 0.64196
1375 0.642
1376 0.64204
1377 0.64208
1378 0.64216
1379 0.6422
1380 0.64224
1381 0.64232
1382 0.64236
1383 0.6424
1384 0.64244
1385 0.64248
1386 0.64256
1387 0.6426
1388 0.64264
1389 0.64268
1390 0.64272
1391 0.64276
1392 0.6428
1393 0.64284
1394 0.64288
1395 0.64292
1396 0.64296
1397 0.643
1398 0.64304
1399 0.64312
1400 0.6432
1401 0.64324
1402 0.64328
1403 0.64332
1404 0.64336
1405 0.6434
1406 0.64344
1407 0.64348
1408 0.64352
1409 0.64356
1410 0.6436
1411 0.64364
1412 0.64368
1413 0.64376
1414 0.64384
1415 0.64388
1416 0.64392
1417 0.64396
1418 0.64404
1419 0.64408
1420 0.64412
1421 0.64416
1422 0.6442
1423 0.64428
1424 0.64432
1425 0.64436
1426 0.6444
1427 0.64444
1428 0.64452
1429 0.6446
1430 0.64464
1431 0.64468
1432 0.64472
1433 0.6448
1434 0.64484
1435 0.64488
1436 0.64492
1437 0.64496
1438 0.645
1439 0.64504
1440 0.64508
1441 0.64512
1442 0.64516
1443 0.6452
1444 0.64524
1445 0.64528
1446 0.64532
1447 0.64536
1448 0.6454
1449 0.64544
1450 0.64548
1451 0.64552
1452 0.64556
1453 0.64564
1454 0.64568
1455 0.64572
1456 0.64576
1457 0.6458
1458 0.64584
1459 0.64588
1460 0.64592
1461 0.64596
1462 0.64604
1463 0.64608
1464 0.64612
1465 0.64616
1466 0.6462
1467 0.64624
1468 0.64632
1469 0.64636
1470 0.6464
1471 0.64644
1472 0.64648
1473 0.64652
1474 0.64656
1475 0.64664
1476 0.64668
1477 0.64672
1478 0.6468
1479 0.64684
1480 0.64688
1481 0.64696
1482 0.647
1483 0.64704
1484 0.64708
1485 0.64712
1486 0.6472
1487 0.64724
1488 0.64728
1489 0.64732
1490 0.64736
1491 0.6474
1492 0.64748
1493 0.64752
1494 0.64756
1495 0.6476
1496 0.64764
1497 0.64768
1498 0.64772
1499 0.64776
1500 0.6478
1501 0.64784
1502 0.64788
1503 0.64792
1504 0.64796
1505 0.648
1506 0.64804
1507 0.64808
1508 0.64812
1509 0.6482
1510 0.64824
1511 0.64828
1512 0.64832
1513 0.64836
1514 0.6484
1515 0.64844
1516 0.64848
1517 0.64856
1518 0.64864
1519 0.64868
1520 0.64876
1521 0.64884
1522 0.64888
1523 0.64896
1524 0.649
1525 0.64904
1526 0.64908
1527 0.64912
1528 0.64916
1529 0.6492
1530 0.64928
1531 0.64932
1532 0.64936
1533 0.6494
1534 0.64948
1535 0.64952
1536 0.64956
1537 0.6496
1538 0.64964
1539 0.64968
1540 0.64972
1541 0.6498
1542 0.64984
1543 0.64988
1544 0.64992
1545 0.64996
1546 0.65
1547 0.65004
1548 0.65008
1549 0.65012
1550 0.6502
1551 0.65024
1552 0.65028
1553 0.65032
1554 0.65036
1555 0.6504
1556 0.65044
1557 0.65052
1558 0.65056
1559 0.6506
1560 0.65064
1561 0.65072
1562 0.65076
1563 0.6508
1564 0.65084
1565 0.65088
1566 0.65092
1567 0.65096
1568 0.651
1569 0.65104
1570 0.65108
1571 0.65112
1572 0.65116
1573 0.6512
1574 0.65124
1575 0.65128
1576 0.65132
1577 0.6514
1578 0.65144
1579 0.65148
1580 0.65152
1581 0.65156
1582 0.65164
1583 0.65172
1584 0.65176
1585 0.6518
1586 0.65184
1587 0.65188
1588 0.65192
1589 0.65196
1590 0.652
1591 0.65204
1592 0.65208
1593 0.65212
1594 0.65216
1595 0.6522
1596 0.65224
1597 0.65228
1598 0.65236
1599 0.65244
1600 0.65248
1601 0.65252
1602 0.65256
1603 0.6526
1604 0.65264
1605 0.65268
1606 0.65276
1607 0.6528
1608 0.65284
1609 0.65288
1610 0.65292
1611 0.65296
1612 0.653
1613 0.65304
1614 0.65308
1615 0.65312
1616 0.65316
1617 0.6532
1618 0.65324
1619 0.65328
1620 0.65332
1621 0.6534
1622 0.65344
1623 0.65348
1624 0.65352
1625 0.65356
1626 0.6536
1627 0.65364
1628 0.65368
1629 0.65372
1630 0.65376
1631 0.6538
1632 0.65388
1633 0.65392
1634 0.65396
1635 0.654
1636 0.65404
1637 0.65408
1638 0.65412
1639 0.65416
1640 0.6542
1641 0.65428
1642 0.65432
1643 0.65436
1644 0.6544
1645 0.65444
1646 0.65448
1647 0.65452
1648 0.65456
1649 0.6546
1650 0.65468
1651 0.65472
1652 0.65476
1653 0.6548
1654 0.65484
1655 0.65488
1656 0.65492
1657 0.65496
1658 0.655
1659 0.65504
1660 0.65512
1661 0.65516
1662 0.6552
1663 0.65524
1664 0.65528
1665 0.65532
1666 0.65536
1667 0.6554
1668 0.65544
1669 0.65548
1670 0.65552
1671 0.65556
1672 0.6556
1673 0.65564
1674 0.65568
1675 0.65576
1676 0.6558
1677 0.65584
1678 0.65588
1679 0.65592
1680 0.65596
1681 0.656
1682 0.65604
1683 0.65612
1684 0.65616
1685 0.6562
1686 0.65624
1687 0.65628
1688 0.65632
1689 0.65636
1690 0.6564
1691 0.65644
1692 0.65648
1693 0.65652
1694 0.65656
1695 0.6566
1696 0.65664
1697 0.65668
1698 0.65672
1699 0.65676
1700 0.6568
1701 0.65684
1702 0.65688
1703 0.65692
1704 0.65696
1705 0.657
1706 0.65704
1707 0.65708
1708 0.65712
1709 0.65716
1710 0.6572
1711 0.65724
1712 0.65728
1713 0.65732
1714 0.65736
1715 0.6574
1716 0.65744
1717 0.65748
1718 0.65756
1719 0.6576
1720 0.65764
1721 0.65768
1722 0.65772
1723 0.65776
1724 0.6578
1725 0.65784
1726 0.65788
1727 0.65792
1728 0.658
1729 0.65804
1730 0.65812
1731 0.65816
1732 0.6582
1733 0.65824
1734 0.65832
1735 0.65836
1736 0.65844
1737 0.65848
1738 0.65852
1739 0.65856
1740 0.6586
1741 0.65864
1742 0.65868
1743 0.65872
1744 0.65876
1745 0.6588
1746 0.65884
1747 0.65888
1748 0.65892
1749 0.65896
1750 0.659
1751 0.65904
1752 0.65908
1753 0.65912
1754 0.65916
1755 0.6592
1756 0.65924
1757 0.65928
1758 0.65932
1759 0.65936
1760 0.6594
1761 0.65944
1762 0.65948
1763 0.65952
1764 0.6596
1765 0.65964
1766 0.65968
1767 0.65972
1768 0.65976
1769 0.6598
1770 0.65984
1771 0.65988
1772 0.65992
1773 0.65996
1774 0.66
1775 0.66004
1776 0.66008
1777 0.66012
1778 0.66016
1779 0.6602
1780 0.66024
1781 0.66028
1782 0.66032
1783 0.66036
1784 0.6604
1785 0.66044
1786 0.66048
1787 0.66052
1788 0.66056
1789 0.6606
1790 0.66068
1791 0.66072
1792 0.66076
1793 0.6608
1794 0.66084
1795 0.66088
1796 0.66092
1797 0.661
1798 0.66104
1799 0.66108
1800 0.66112
1801 0.66116
1802 0.6612
1803 0.66124
1804 0.66128
1805 0.66136
1806 0.6614
1807 0.66144
1808 0.66148
1809 0.66152
1810 0.66156
1811 0.6616
1812 0.66164
1813 0.66168
1814 0.66172
1815 0.66176
1816 0.6618
1817 0.66184
1818 0.66188
1819 0.66192
1820 0.66196
1821 0.662
1822 0.66204
1823 0.66208
1824 0.66212
1825 0.66216
1826 0.6622
1827 0.66224
1828 0.66228
1829 0.66232
1830 0.66236
1831 0.6624
1832 0.66244
1833 0.66248
1834 0.66252
1835 0.66256
1836 0.6626
1837 0.66264
1838 0.66268
1839 0.66276
1840 0.6628
1841 0.66284
1842 0.66288
1843 0.66292
1844 0.66296
1845 0.663
1846 0.66304
1847 0.66308
1848 0.66312
1849 0.66316
1850 0.6632
1851 0.66324
1852 0.66328
1853 0.66332
1854 0.66336
1855 0.6634
1856 0.66344
1857 0.66348
1858 0.66352
1859 0.66356
1860 0.6636
1861 0.66364
1862 0.66368
1863 0.66372
1864 0.66376
1865 0.6638
1866 0.66384
1867 0.66388
1868 0.66392
1869 0.664
1870 0.66404
1871 0.66408
1872 0.66412
1873 0.66416
1874 0.6642
1875 0.66424
1876 0.66428
1877 0.66432
1878 0.66436
1879 0.6644
1880 0.66444
1881 0.66448
1882 0.66452
1883 0.66456
1884 0.66464
1885 0.66468
1886 0.66472
1887 0.66476
1888 0.6648
1889 0.66484
1890 0.66488
1891 0.66492
1892 0.66496
1893 0.665
1894 0.66508
1895 0.66512
1896 0.66516
1897 0.6652
1898 0.66524
1899 0.66528
1900 0.66532
1901 0.66536
1902 0.6654
1903 0.66544
1904 0.66548
1905 0.66552
1906 0.66556
1907 0.6656
1908 0.66564
1909 0.66568
1910 0.66576
1911 0.6658
1912 0.66584
1913 0.66588
1914 0.66592
1915 0.66596
1916 0.666
1917 0.66604
1918 0.66608
1919 0.66612
1920 0.66616
1921 0.6662
1922 0.66624
1923 0.66628
1924 0.66632
1925 0.6664
1926 0.66648
1927 0.66652
1928 0.66656
1929 0.6666
1930 0.66664
1931 0.66668
1932 0.66672
1933 0.66676
1934 0.6668
1935 0.66688
1936 0.66692
1937 0.66696
1938 0.667
1939 0.66704
1940 0.66708
1941 0.66712
1942 0.66716
1943 0.6672
1944 0.66724
1945 0.66728
1946 0.66732
1947 0.66736
1948 0.6674
1949 0.66744
1950 0.66748
1951 0.66752
1952 0.66756
1953 0.6676
1954 0.66764
1955 0.66768
1956 0.66772
1957 0.66776
1958 0.6678
1959 0.66784
1960 0.66788
1961 0.66792
1962 0.66796
1963 0.668
1964 0.66804
1965 0.66808
1966 0.66812
1967 0.66816
1968 0.6682
1969 0.66824
1970 0.66828
1971 0.66836
1972 0.6684
1973 0.66844
1974 0.66848
1975 0.66852
1976 0.66856
1977 0.6686
1978 0.66864
1979 0.66868
1980 0.66872
1981 0.66876
1982 0.6688
1983 0.66884
1984 0.66888
1985 0.66892
1986 0.66896
1987 0.669
1988 0.66904
1989 0.66908
1990 0.66912
1991 0.66916
1992 0.6692
1993 0.66924
1994 0.66928
1995 0.66932
1996 0.66936
1997 0.6694
1998 0.66944
1999 0.66948
2000 0.66952
2001 0.66956
2002 0.6696
2003 0.66964
2004 0.66968
2005 0.66972
2006 0.66976
2007 0.6698
2008 0.66984
2009 0.66988
2010 0.66992
2011 0.66996
2012 0.67
2013 0.67004
2014 0.67008
2015 0.67012
2016 0.67016
2017 0.6702
2018 0.67024
2019 0.67028
2020 0.67032
2021 0.67036
2022 0.6704
2023 0.67044
2024 0.67048
2025 0.67052
2026 0.67056
2027 0.6706
2028 0.67064
2029 0.67068
2030 0.67072
2031 0.6708
2032 0.67084
2033 0.67088
2034 0.67092
2035 0.67096
2036 0.671
2037 0.67104
2038 0.67108
2039 0.67112
2040 0.67116
2041 0.67124
2042 0.67128
2043 0.67132
2044 0.67136
2045 0.6714
2046 0.67144
2047 0.67148
2048 0.67152
2049 0.67156
2050 0.6716
2051 0.67164
2052 0.67168
2053 0.67172
2054 0.67176
2055 0.6718
2056 0.67184
2057 0.67188
2058 0.67192
2059 0.67196
2060 0.672
2061 0.67204
2062 0.67208
2063 0.67212
2064 0.67216
2065 0.6722
2066 0.67224
2067 0.67228
2068 0.67232
2069 0.67236
2070 0.6724
2071 0.67244
2072 0.67248
2073 0.67252
2074 0.67256
2075 0.6726
2076 0.67264
2077 0.67268
2078 0.67272
2079 0.67276
2080 0.6728
2081 0.67284
2082 0.67288
2083 0.67292
2084 0.67296
2085 0.673
2086 0.67304
2087 0.67308
2088 0.67312
2089 0.67316
2090 0.6732
2091 0.67324
2092 0.67328
2093 0.67332
2094 0.67336
2095 0.6734
2096 0.67348
2097 0.67352
2098 0.67356
2099 0.6736
2100 0.67364
2101 0.67368
2102 0.67372
2103 0.67376
2104 0.6738
2105 0.67384
2106 0.67388
2107 0.67392
2108 0.674
2109 0.67404
2110 0.67408
2111 0.67412
2112 0.67416
2113 0.6742
2114 0.67424
2115 0.67428
2116 0.67432
2117 0.67436
2118 0.6744
2119 0.67444
2120 0.67448
2121 0.67456
2122 0.6746
2123 0.67464
2124 0.67468
2125 0.67472
2126 0.67476
2127 0.6748
2128 0.67484
2129 0.67488
2130 0.67492
2131 0.67496
2132 0.675
2133 0.67504
2134 0.67508
2135 0.67512
2136 0.67516
2137 0.6752
2138 0.67524
2139 0.67528
2140 0.67532
2141 0.67536
2142 0.6754
2143 0.67544
2144 0.67548
2145 0.67552
2146 0.67556
2147 0.6756
2148 0.67564
2149 0.67568
2150 0.67572
2151 0.67576
2152 0.6758
2153 0.67584
2154 0.67588
2155 0.67592
2156 0.67596
2157 0.676
2158 0.67604
2159 0.67608
2160 0.67612
2161 0.67616
2162 0.6762
2163 0.67624
2164 0.67628
2165 0.67632
2166 0.67636
2167 0.6764
2168 0.67644
2169 0.67648
2170 0.67652
2171 0.67656
2172 0.6766
2173 0.67664
2174 0.67668
2175 0.67672
2176 0.67676
2177 0.6768
2178 0.67684
2179 0.67688
2180 0.67692
2181 0.67696
2182 0.677
2183 0.67704
2184 0.67708
2185 0.67712
2186 0.67716
2187 0.6772
2188 0.67724
2189 0.67728
2190 0.67732
2191 0.67736
2192 0.6774
2193 0.67744
2194 0.67748
2195 0.67752
2196 0.67756
2197 0.6776
2198 0.67764
2199 0.67768
2200 0.67772
2201 0.67776
2202 0.6778
2203 0.67784
2204 0.67788
2205 0.67792
2206 0.67796
2207 0.678
2208 0.67804
2209 0.67808
2210 0.67812
2211 0.67816
2212 0.6782
2213 0.67824
2214 0.67828
2215 0.67832
2216 0.67836
2217 0.6784
2218 0.67844
2219 0.67848
2220 0.67852
2221 0.67856
2222 0.6786
2223 0.67864
2224 0.67868
2225 0.67872
2226 0.67876
2227 0.6788
2228 0.67884
2229 0.67888
2230 0.67892
2231 0.67896
2232 0.679
2233 0.67904
2234 0.67908
2235 0.67912
2236 0.67916
2237 0.6792
2238 0.67924
2239 0.67928
2240 0.67932
2241 0.67936
2242 0.6794
2243 0.67944
2244 0.67948
2245 0.67952
2246 0.67956
2247 0.6796
2248 0.67964
2249 0.67968
2250 0.67972
2251 0.67976
2252 0.6798
2253 0.67984
2254 0.67988
2255 0.67992
2256 0.67996
2257 0.68
2258 0.68004
2259 0.68008
2260 0.68012
2261 0.68016
2262 0.6802
2263 0.68024
2264 0.68028
2265 0.68032
2266 0.68036
2267 0.6804
2268 0.68044
2269 0.68048
2270 0.68052
2271 0.68056
2272 0.6806
2273 0.68064
2274 0.68068
2275 0.68072
2276 0.68076
2277 0.6808
2278 0.68084
2279 0.68088
2280 0.68092
2281 0.68092
2282 0.68092
2283 0.68092
2284 0.68092
2285 0.68092
2286 0.68092
2287 0.68092
2288 0.68092
2289 0.68092
2290 0.68092
2291 0.68092
2292 0.68092
2293 0.68092
2294 0.68092
2295 0.68092
2296 0.68092
2297 0.68092
2298 0.68092
2299 0.68092
2300 0.68092
2301 0.68092
2302 0.68092
2303 0.68092
2304 0.68092
2305 0.68092
2306 0.68092
2307 0.68092
2308 0.68092
2309 0.68092
2310 0.68092
2311 0.68092
2312 0.68092
2313 0.68092
2314 0.68092
2315 0.68092
2316 0.68092
2317 0.68092
2318 0.68092
2319 0.68092
2320 0.68092
2321 0.68092
2322 0.68092
2323 0.68092
2324 0.68092
2325 0.68092
2326 0.68092
2327 0.68092
2328 0.68092
2329 0.68092
2330 0.68092
2331 0.68092
2332 0.68092
2333 0.68092
2334 0.68092
2335 0.68092
2336 0.68092
2337 0.68092
2338 0.68092
2339 0.68092
2340 0.68092
2341 0.68092
2342 0.68092
2343 0.68092
2344 0.68092
2345 0.68092
2346 0.68092
2347 0.68092
2348 0.68092
2349 0.68092
2350 0.68092
2351 0.68092
2352 0.68092
2353 0.68092
2354 0.68092
2355 0.68092
2356 0.68092
2357 0.68092
2358 0.68092
2359 0.68092
2360 0.68092
2361 0.68092
2362 0.68092
2363 0.68092
2364 0.68092
2365 0.68092
2366 0.68092
2367 0.68092
2368 0.68092
2369 0.68092
2370 0.68092
2371 0.68092
2372 0.68092
2373 0.68092
2374 0.68092
2375 0.68092
2376 0.68092
2377 0.68092
2378 0.68092
2379 0.68092
2380 0.68092
2381 0.68092
2382 0.68092
2383 0.68092
2384 0.68092
2385 0.68092
2386 0.68092
2387 0.68092
2388 0.68092
2389 0.68092
2390 0.68092
2391 0.68092
2392 0.68092
2393 0.68092
2394 0.68092
2395 0.68092
2396 0.68092
2397 0.68092
2398 0.68092
2399 0.68092
2400 0.68092
2401 0.68092
2402 0.68092
2403 0.68092
2404 0.68092
2405 0.68092
2406 0.68092
2407 0.68092
2408 0.68092
2409 0.68092
2410 0.68092
2411 0.68092
2412 0.68092
2413 0.68092
2414 0.68092
2415 0.68092
2416 0.68092
2417 0.68092
2418 0.68092
2419 0.68092
2420 0.68092
2421 0.68092
2422 0.68092
2423 0.68092
2424 0.68092
2425 0.68092
2426 0.68092
2427 0.68092
2428 0.68092
2429 0.68092
2430 0.68092
2431 0.68092
2432 0.68092
2433 0.68092
2434 0.68092
2435 0.68092
2436 0.68092
2437 0.68092
2438 0.68092
2439 0.68092
2440 0.68092
2441 0.68092
2442 0.68092
2443 0.68092
2444 0.68092
2445 0.68092
2446 0.68092
2447 0.68092
2448 0.68092
2449 0.68092
2450 0.68092
2451 0.68092
2452 0.68092
2453 0.68092
2454 0.68092
2455 0.68092
2456 0.68092
2457 0.68092
2458 0.68092
2459 0.68092
2460 0.68092
2461 0.68092
2462 0.68092
2463 0.68092
2464 0.68092
2465 0.68092
2466 0.68092
2467 0.68092
2468 0.68092
2469 0.68092
2470 0.68092
2471 0.68092
2472 0.68092
2473 0.68092
2474 0.68092
2475 0.68092
2476 0.68092
2477 0.68092
2478 0.68092
2479 0.68092
2480 0.68092
2481 0.68092
2482 0.68092
2483 0.68092
2484 0.68092
2485 0.68092
2486 0.68092
2487 0.68092
2488 0.68092
2489 0.68092
2490 0.68092
2491 0.68092
2492 0.68092
2493 0.68092
2494 0.68092
2495 0.68092
2496 0.68092
2497 0.68092
2498 0.68092
2499 0.68092
2500 0.68092
2501 0.68092
2502 0.68092
2503 0.68092
2504 0.68092
2505 0.68092
2506 0.68092
2507 0.68092
2508 0.68092
2509 0.68092
2510 0.68092
2511 0.68092
2512 0.68092
2513 0.68092
2514 0.68092
2515 0.68092
2516 0.68092
2517 0.68092
2518 0.68092
2519 0.68092
2520 0.68092
2521 0.68092
2522 0.68092
2523 0.68092
2524 0.68092
2525 0.68092
2526 0.68092
2527 0.68092
2528 0.68092
2529 0.68092
2530 0.68092
2531 0.68092
2532 0.68092
2533 0.68092
2534 0.68092
2535 0.68092
2536 0.68092
2537 0.68092
2538 0.68092
2539 0.68092
2540 0.68092
2541 0.68092
2542 0.68092
2543 0.68092
2544 0.68092
2545 0.68092
2546 0.68092
2547 0.68092
2548 0.68092
2549 0.68092
2550 0.68092
2551 0.68092
2552 0.68092
2553 0.68092
2554 0.68092
2555 0.68092
2556 0.68092
2557 0.68092
2558 0.68092
2559 0.68092
2560 0.68092
2561 0.68092
2562 0.68092
2563 0.68092
2564 0.68092
2565 0.68092
2566 0.68092
2567 0.68092
2568 0.68092
2569 0.68092
2570 0.68092
2571 0.68092
2572 0.68092
2573 0.68092
2574 0.68092
2575 0.68092
2576 0.68092
2577 0.68092
2578 0.68092
2579 0.68092
2580 0.68092
2581 0.68092
2582 0.68092
2583 0.68092
2584 0.68092
2585 0.68092
2586 0.68092
2587 0.68092
2588 0.68092
2589 0.68092
2590 0.68092
2591 0.68092
2592 0.68092
2593 0.68092
2594 0.68092
2595 0.68092
2596 0.68092
2597 0.68092
2598 0.68092
2599 0.68092
2600 0.68092
2601 0.68092
2602 0.68092
2603 0.68092
2604 0.68092
2605 0.68092
2606 0.68092
2607 0.68092
2608 0.68092
2609 0.68092
2610 0.68092
2611 0.68092
2612 0.68092
2613 0.68092
2614 0.68092
2615 0.68092
2616 0.68092
2617 0.68092
2618 0.68092
2619 0.68092
2620 0.68092
2621 0.68092
2622 0.68092
2623 0.68092
2624 0.68092
2625 0.68092
2626 0.68092
2627 0.68092
2628 0.68092
2629 0.68092
2630 0.68092
2631 0.68092
2632 0.68092
2633 0.68092
2634 0.68092
2635 0.68092
2636 0.68092
2637 0.68092
2638 0.68092
2639 0.68092
2640 0.68092
2641 0.68092
2642 0.68092
2643 0.68092
2644 0.68092
2645 0.68092
2646 0.68092
2647 0.68092
2648 0.68092
2649 0.68092
2650 0.68092
2651 0.68092
2652 0.68092
2653 0.68092
2654 0.68092
2655 0.68092
2656 0.68092
2657 0.68092
2658 0.68092
2659 0.68092
2660 0.68092
2661 0.68092
2662 0.68092
2663 0.68092
2664 0.68092
2665 0.68092
2666 0.68092
2667 0.68092
2668 0.68092
2669 0.68092
2670 0.68092
2671 0.68092
2672 0.68092
2673 0.68092
2674 0.68092
2675 0.68092
2676 0.68092
2677 0.68092
2678 0.68092
2679 0.68092
2680 0.68092
2681 0.68092
2682 0.68092
2683 0.68092
2684 0.68092
2685 0.68092
2686 0.68092
2687 0.68092
2688 0.68092
2689 0.68092
2690 0.68092
2691 0.68092
2692 0.68092
2693 0.68092
2694 0.68092
2695 0.68092
2696 0.68092
2697 0.68092
2698 0.68092
2699 0.68092
2700 0.68092
2701 0.68092
2702 0.68092
2703 0.68092
2704 0.68092
2705 0.68092
2706 0.68092
2707 0.68092
2708 0.68092
2709 0.68092
2710 0.68092
2711 0.68092
2712 0.68092
2713 0.68092
2714 0.68092
2715 0.68092
2716 0.68092
2717 0.68092
2718 0.68092
2719 0.68092
2720 0.68092
2721 0.68092
2722 0.68092
2723 0.68092
2724 0.68092
2725 0.68092
2726 0.68092
2727 0.68092
2728 0.68092
2729 0.68092
2730 0.68092
2731 0.68092
2732 0.68092
2733 0.68092
2734 0.68092
2735 0.68092
2736 0.68092
2737 0.68092
2738 0.68092
2739 0.68092
2740 0.68092
2741 0.68092
2742 0.68092
2743 0.68092
2744 0.68092
2745 0.68092
2746 0.68092
2747 0.68092
2748 0.68092
2749 0.68092
2750 0.68092
2751 0.68092
2752 0.68092
2753 0.68092
2754 0.68092
2755 0.68092
2756 0.68092
2757 0.68092
2758 0.68092
2759 0.68092
2760 0.68092
2761 0.68092
2762 0.68092
2763 0.68092
2764 0.68092
2765 0.68092
2766 0.68092
2767 0.68092
2768 0.68092
2769 0.68092
2770 0.68092
2771 0.68092
2772 0.68092
2773 0.68092
2774 0.68092
2775 0.68092
2776 0.68092
2777 0.68092
2778 0.68092
2779 0.68092
2780 0.68092
2781 0.68092
2782 0.68092
2783 0.68092
2784 0.68092
2785 0.68092
2786 0.68092
2787 0.68092
2788 0.68092
2789 0.68092
2790 0.68092
2791 0.68092
2792 0.68092
2793 0.68092
2794 0.68092
2795 0.68092
2796 0.68092
2797 0.68092
2798 0.68092
2799 0.68092
2800 0.68092
2801 0.68092
2802 0.68092
2803 0.68092
2804 0.68092
2805 0.68092
2806 0.68092
2807 0.68092
2808 0.68092
2809 0.68092
2810 0.68092
2811 0.68092
2812 0.68092
2813 0.68092
2814 0.68092
2815 0.68092
2816 0.68092
2817 0.68092
2818 0.68092
2819 0.68092
2820 0.68092
2821 0.68092
2822 0.68092
2823 0.68092
2824 0.68092
2825 0.68092
2826 0.68092
2827 0.68092
2828 0.68092
2829 0.68092
2830 0.68092
2831 0.68092
2832 0.68092
2833 0.68092
2834 0.68092
2835 0.68092
2836 0.68092
2837 0.68092
2838 0.68092
2839 0.68092
2840 0.68092
2841 0.68092
2842 0.68092
2843 0.68092
2844 0.68092
2845 0.68092
2846 0.68092
2847 0.68092
2848 0.68092
2849 0.68092
2850 0.68092
2851 0.68092
2852 0.68092
2853 0.68092
2854 0.68092
2855 0.68092
2856 0.68092
2857 0.68092
2858 0.68092
2859 0.68092
2860 0.68092
2861 0.68092
2862 0.68092
2863 0.68092
2864 0.68092
2865 0.68092
2866 0.68092
2867 0.68092
2868 0.68092
2869 0.68092
2870 0.68092
2871 0.68092
2872 0.68092
2873 0.68092
2874 0.68092
2875 0.68092
2876 0.68092
2877 0.68092
2878 0.68092
2879 0.68092
2880 0.68092
2881 0.68092
2882 0.68092
2883 0.68092
2884 0.68092
2885 0.68092
2886 0.68092
2887 0.68092
2888 0.68092
2889 0.68092
2890 0.68092
2891 0.68092
2892 0.68092
2893 0.68092
2894 0.68092
2895 0.68092
2896 0.68092
2897 0.68092
2898 0.68092
2899 0.68092
2900 0.68092
2901 0.68092
2902 0.68092
2903 0.68092
2904 0.68092
2905 0.68092
2906 0.68092
2907 0.68092
2908 0.68092
2909 0.68092
2910 0.68092
2911 0.68092
2912 0.68092
2913 0.68092
2914 0.68092
2915 0.68092
2916 0.68092
2917 0.68092
2918 0.68092
2919 0.68092
2920 0.68092
2921 0.68092
2922 0.68092
2923 0.68092
2924 0.68092
2925 0.68092
2926 0.68092
2927 0.68092
2928 0.68092
2929 0.68092
2930 0.68092
2931 0.68092
2932 0.68092
2933 0.68092
2934 0.68092
2935 0.68092
2936 0.68092
2937 0.68092
2938 0.68092
2939 0.68092
2940 0.68092
2941 0.68092
2942 0.68092
2943 0.68092
2944 0.68092
2945 0.68092
2946 0.68092
2947 0.68092
2948 0.68092
2949 0.68092
2950 0.68092
2951 0.68092
2952 0.68092
2953 0.68092
2954 0.68092
2955 0.68092
2956 0.68092
2957 0.68092
2958 0.68092
2959 0.68092
2960 0.68092
2961 0.68092
2962 0.68092
2963 0.68092
2964 0.68092
2965 0.68092
2966 0.68092
2967 0.68092
2968 0.68092
2969 0.68092
2970 0.68092
2971 0.68092
2972 0.68092
2973 0.68092
2974 0.68092
2975 0.68092
2976 0.68092
2977 0.68092
2978 0.68092
2979 0.68092
2980 0.68092
2981 0.68092
2982 0.68092
2983 0.68092
2984 0.68092
2985 0.68092
2986 0.68092
2987 0.68092
2988 0.68092
2989 0.68092
2990 0.68092
2991 0.68092
2992 0.68092
2993 0.68092
2994 0.68092
2995 0.68092
2996 0.68092
2997 0.68092
2998 0.68092
2999 0.68092
3000 0.68092
3001 0.68092
3002 0.68092
3003 0.68092
3004 0.68092
3005 0.68092
3006 0.68092
3007 0.68092
3008 0.68092
3009 0.68092
3010 0.68092
3011 0.68092
3012 0.68092
3013 0.68092
3014 0.68092
3015 0.68092
3016 0.68092
3017 0.68092
3018 0.68092
3019 0.68092
3020 0.68092
3021 0.68092
3022 0.68092
3023 0.68092
3024 0.68092
3025 0.68092
3026 0.68092
3027 0.68092
3028 0.68092
3029 0.68092
3030 0.68092
3031 0.68092
3032 0.68092
3033 0.68092
3034 0.68092
3035 0.68092
3036 0.68092
3037 0.68092
3038 0.68092
3039 0.68092
3040 0.68092
3041 0.68092
3042 0.68092
3043 0.68092
3044 0.68092
3045 0.68092
3046 0.68092
3047 0.68092
3048 0.68092
3049 0.68092
3050 0.68092
3051 0.68092
3052 0.68092
3053 0.68092
3054 0.68092
3055 0.68092
3056 0.68092
3057 0.68092
3058 0.68092
3059 0.68092
3060 0.68092
3061 0.68092
3062 0.68092
3063 0.68092
3064 0.68092
3065 0.68092
3066 0.68092
3067 0.68092
3068 0.68092
3069 0.68092
3070 0.68092
3071 0.68092
3072 0.68092
3073 0.68092
3074 0.68092
3075 0.68092
3076 0.68092
3077 0.68092
3078 0.68092
3079 0.68092
3080 0.68092
3081 0.68092
3082 0.68092
3083 0.68092
3084 0.68092
3085 0.68092
3086 0.68092
3087 0.68092
3088 0.68092
3089 0.68092
3090 0.68092
3091 0.68092
3092 0.68092
3093 0.68092
3094 0.68092
3095 0.68092
3096 0.68092
3097 0.68092
3098 0.68092
3099 0.68092
3100 0.68092
3101 0.68092
3102 0.68092
3103 0.68092
3104 0.68092
3105 0.68092
3106 0.68092
3107 0.68092
3108 0.68092
3109 0.68092
3110 0.68092
3111 0.68092
3112 0.68092
3113 0.68092
3114 0.68092
3115 0.68092
3116 0.68092
3117 0.68092
3118 0.68092
3119 0.68092
3120 0.68092
3121 0.68092
3122 0.68092
3123 0.68092
3124 0.68092
3125 0.68092
3126 0.68092
3127 0.68092
3128 0.68092
3129 0.68092
3130 0.68092
3131 0.68092
3132 0.68092
3133 0.68092
3134 0.68092
3135 0.68092
3136 0.68092
3137 0.68092
3138 0.68092
3139 0.68092
3140 0.68092
3141 0.68092
3142 0.68092
3143 0.68092
3144 0.68092
3145 0.68092
3146 0.68092
3147 0.68092
3148 0.68092
3149 0.68092
3150 0.68092
3151 0.68092
3152 0.68092
3153 0.68092
3154 0.68092
3155 0.68092
3156 0.68092
3157 0.68092
3158 0.68092
3159 0.68092
3160 0.68092
3161 0.68092
3162 0.68092
3163 0.68092
3164 0.68092
3165 0.68092
3166 0.68092
3167 0.68092
3168 0.68092
3169 0.68092
3170 0.68092
3171 0.68092
3172 0.68092
3173 0.68092
3174 0.68092
3175 0.68092
3176 0.68092
3177 0.68092
3178 0.68092
3179 0.68092
3180 0.68092
3181 0.68092
3182 0.68092
3183 0.68092
3184 0.68092
3185 0.68092
3186 0.68092
3187 0.68092
3188 0.68092
3189 0.68092
3190 0.68092
3191 0.68092
3192 0.68092
3193 0.68092
3194 0.68092
3195 0.68092
3196 0.68092
3197 0.68092
3198 0.68092
3199 0.68092
3200 0.68092
3201 0.68092
3202 0.68092
3203 0.68092
3204 0.68092
3205 0.68092
3206 0.68092
3207 0.68092
3208 0.68092
3209 0.68092
3210 0.68092
3211 0.68092
3212 0.68092
3213 0.68092
3214 0.68092
3215 0.68092
3216 0.68092
3217 0.68092
3218 0.68092
3219 0.68092
3220 0.68092
3221 0.68092
3222 0.68092
3223 0.68092
3224 0.68092
3225 0.68092
3226 0.68092
3227 0.68092
3228 0.68092
3229 0.68092
3230 0.68092
3231 0.68092
3232 0.68092
3233 0.68092
3234 0.68092
3235 0.68092
3236 0.68092
3237 0.68092
3238 0.68092
3239 0.68092
3240 0.68092
3241 0.68092
3242 0.68092
3243 0.68092
3244 0.68092
3245 0.68092
3246 0.68092
3247 0.68092
3248 0.68092
3249 0.68092
3250 0.68092
3251 0.68092
3252 0.68092
3253 0.68092
3254 0.68092
3255 0.68092
3256 0.68092
3257 0.68092
3258 0.68092
3259 0.68092
3260 0.68092
3261 0.68092
3262 0.68092
3263 0.68092
3264 0.68092
3265 0.68092
3266 0.68092
3267 0.68092
3268 0.68092
3269 0.68092
3270 0.68092
3271 0.68092
3272 0.68092
3273 0.68092
3274 0.68092
3275 0.68092
3276 0.68092
3277 0.68092
3278 0.68092
3279 0.68092
3280 0.68092
3281 0.68092
3282 0.68092
3283 0.68092
3284 0.68092
3285 0.68092
3286 0.68092
3287 0.68092
3288 0.68092
3289 0.68092
3290 0.68092
3291 0.68092
3292 0.68092
3293 0.68092
3294 0.68092
3295 0.68092
3296 0.68092
3297 0.68092
3298 0.68092
3299 0.68092
3300 0.68092
3301 0.68092
3302 0.68092
3303 0.68092
3304 0.68092
3305 0.68092
3306 0.68092
3307 0.68092
3308 0.68092
3309 0.68092
3310 0.68092
3311 0.68092
3312 0.68092
3313 0.68092
3314 0.68092
3315 0.68092
3316 0.68092
3317 0.68092
3318 0.68092
3319 0.68092
3320 0.68092
3321 0.68092
3322 0.68092
3323 0.68092
3324 0.68092
3325 0.68092
3326 0.68092
3327 0.68092
3328 0.68092
3329 0.68092
3330 0.68092
3331 0.68092
3332 0.68092
3333 0.68092
3334 0.68092
3335 0.68092
3336 0.68092
3337 0.68092
3338 0.68092
3339 0.68092
3340 0.68092
3341 0.68092
3342 0.68092
3343 0.68092
3344 0.68092
3345 0.68092
3346 0.68092
3347 0.68092
3348 0.68092
3349 0.68092
3350 0.68092
3351 0.68092
3352 0.68092
3353 0.68092
3354 0.68092
3355 0.68092
3356 0.68092
3357 0.68092
3358 0.68092
3359 0.68092
3360 0.68092
3361 0.68092
3362 0.68092
3363 0.68092
3364 0.68092
3365 0.68092
3366 0.68092
3367 0.68092
3368 0.68092
3369 0.68092
3370 0.68092
3371 0.68092
3372 0.68092
3373 0.68092
3374 0.68092
3375 0.68092
3376 0.68092
3377 0.68092
3378 0.68092
3379 0.68092
3380 0.68092
3381 0.68092
3382 0.68092
3383 0.68092
3384 0.68092
3385 0.68092
3386 0.68092
3387 0.68092
3388 0.68092
3389 0.68092
3390 0.68092
3391 0.68092
3392 0.68092
3393 0.68092
3394 0.68092
3395 0.68092
3396 0.68092
3397 0.68092
3398 0.68092
3399 0.68092
3400 0.68092
3401 0.68092
3402 0.68092
3403 0.68092
3404 0.68092
3405 0.68092
3406 0.68092
3407 0.68092
3408 0.68092
3409 0.68092
3410 0.68092
3411 0.68092
3412 0.68092
3413 0.68092
3414 0.68092
3415 0.68092
3416 0.68092
3417 0.68092
3418 0.68092
3419 0.68092
3420 0.68092
3421 0.68092
3422 0.68092
3423 0.68092
3424 0.68092
3425 0.68092
3426 0.68092
3427 0.68092
3428 0.68092
3429 0.68092
3430 0.68092
3431 0.68092
3432 0.68092
3433 0.68092
3434 0.68092
3435 0.68092
3436 0.68092
3437 0.68092
3438 0.68092
3439 0.68092
3440 0.68092
3441 0.68092
3442 0.68092
3443 0.68092
3444 0.68092
3445 0.68092
3446 0.68092
3447 0.68092
3448 0.68092
3449 0.68092
3450 0.68092
3451 0.68092
3452 0.68092
3453 0.68092
3454 0.68092
3455 0.68092
3456 0.68092
3457 0.68092
3458 0.68092
3459 0.68092
3460 0.68092
3461 0.68092
3462 0.68092
3463 0.68092
3464 0.68092
3465 0.68092
3466 0.68092
3467 0.68092
3468 0.68092
3469 0.68092
3470 0.68092
3471 0.68092
3472 0.68092
3473 0.68092
3474 0.68092
3475 0.68092
3476 0.68092
3477 0.68092
3478 0.68092
3479 0.68092
3480 0.68092
3481 0.68092
3482 0.68092
3483 0.68092
3484 0.68092
3485 0.68092
3486 0.68092
3487 0.68092
3488 0.68092
3489 0.68092
3490 0.68092
3491 0.68092
3492 0.68092
3493 0.68092
3494 0.68092
3495 0.68092
3496 0.68092
3497 0.68092
3498 0.68092
3499 0.68092
3500 0.68092
3501 0.68092
3502 0.68092
3503 0.68092
3504 0.68092
3505 0.68092
3506 0.68092
3507 0.68092
3508 0.68092
3509 0.68092
3510 0.68092
3511 0.68092
3512 0.68092
3513 0.68092
3514 0.68092
3515 0.68092
3516 0.68092
3517 0.68092
3518 0.68092
3519 0.68092
3520 0.68092
3521 0.68092
3522 0.68092
3523 0.68092
3524 0.68092
3525 0.68092
3526 0.68092
3527 0.68092
3528 0.68092
3529 0.68092
3530 0.68092
3531 0.68092
3532 0.68092
3533 0.68092
3534 0.68092
3535 0.68092
3536 0.68092
3537 0.68092
3538 0.68092
3539 0.68092
3540 0.68092
3541 0.68092
3542 0.68092
3543 0.68092
3544 0.68092
3545 0.68092
3546 0.68092
3547 0.68092
3548 0.68092
3549 0.68092
3550 0.68092
3551 0.68092
3552 0.68092
3553 0.68092
3554 0.68092
3555 0.68092
3556 0.68092
3557 0.68092
3558 0.68092
3559 0.68092
3560 0.68092
3561 0.68092
3562 0.68092
3563 0.68092
3564 0.68092
3565 0.68092
3566 0.68092
3567 0.68092
3568 0.68092
3569 0.68092
3570 0.68092
3571 0.68092
3572 0.68092
3573 0.68092
3574 0.68092
3575 0.68092
3576 0.68092
3577 0.68092
3578 0.68092
3579 0.68092
3580 0.68092
3581 0.68092
3582 0.68092
3583 0.68092
3584 0.68092
3585 0.68092
3586 0.68092
3587 0.68092
3588 0.68092
3589 0.68092
3590 0.68092
3591 0.68092
3592 0.68092
3593 0.68092
3594 0.68092
3595 0.68092
3596 0.68092
3597 0.68092
3598 0.68092
3599 0.68092
3600 0.68092
3601 0.68092
3602 0.68092
3603 0.68092
3604 0.68092
3605 0.68092
3606 0.68092
3607 0.68092
3608 0.68092
3609 0.68092
3610 0.68092
3611 0.68092
3612 0.68092
3613 0.68092
3614 0.68092
3615 0.68092
3616 0.68092
3617 0.68092
3618 0.68092
3619 0.68092
3620 0.68092
3621 0.68092
3622 0.68092
3623 0.68092
3624 0.68092
3625 0.68092
3626 0.68092
3627 0.68092
3628 0.68092
3629 0.68092
3630 0.68092
3631 0.68092
3632 0.68092
3633 0.68092
3634 0.68092
3635 0.68092
3636 0.68092
3637 0.68092
3638 0.68092
3639 0.68092
3640 0.68092
3641 0.68092
3642 0.68092
3643 0.68092
3644 0.68092
3645 0.68092
3646 0.68092
3647 0.68092
3648 0.68092
3649 0.68092
3650 0.68092
3651 0.68092
3652 0.68092
3653 0.68092
3654 0.68092
3655 0.68092
3656 0.68092
3657 0.68092
3658 0.68092
3659 0.68092
3660 0.68092
3661 0.68092
3662 0.68092
3663 0.68092
3664 0.68092
3665 0.68092
3666 0.68092
3667 0.68092
3668 0.68092
3669 0.68092
3670 0.68092
3671 0.68092
3672 0.68092
3673 0.68092
3674 0.68092
3675 0.68092
3676 0.68092
3677 0.68092
3678 0.68092
3679 0.68092
3680 0.68092
3681 0.68092
3682 0.68092
3683 0.68092
3684 0.68092
3685 0.68092
3686 0.68092
3687 0.68092
3688 0.68092
3689 0.68092
3690 0.68092
3691 0.68092
3692 0.68092
3693 0.68092
3694 0.68092
3695 0.68092
3696 0.68092
3697 0.68092
3698 0.68092
3699 0.68092
3700 0.68092
3701 0.68092
3702 0.68092
3703 0.68092
3704 0.68092
3705 0.68092
3706 0.68092
3707 0.68092
3708 0.68092
3709 0.68092
3710 0.68092
3711 0.68092
3712 0.68092
3713 0.68092
3714 0.68092
3715 0.68092
3716 0.68092
3717 0.68092
3718 0.68092
3719 0.68092
3720 0.68092
3721 0.68092
3722 0.68092
3723 0.68092
3724 0.68092
3725 0.68092
3726 0.68092
3727 0.68092
3728 0.68092
3729 0.68092
3730 0.68092
3731 0.68092
3732 0.68092
3733 0.68092
3734 0.68092
3735 0.68092
3736 0.68092
3737 0.68092
3738 0.68092
3739 0.68092
3740 0.68092
3741 0.68092
3742 0.68092
3743 0.68092
3744 0.68092
3745 0.68092
3746 0.68092
3747 0.68092
3748 0.68092
3749 0.68092
3750 0.68092
3751 0.68092
3752 0.68092
3753 0.68092
3754 0.68092
3755 0.68092
3756 0.68092
3757 0.68092
3758 0.68092
3759 0.68092
3760 0.68092
3761 0.68092
3762 0.68092
3763 0.68092
3764 0.68092
3765 0.68092
3766 0.68092
3767 0.68092
3768 0.68092
3769 0.68092
3770 0.68092
3771 0.68092
3772 0.68092
3773 0.68092
3774 0.68092
3775 0.68092
3776 0.68092
3777 0.68092
3778 0.68092
3779 0.68092
3780 0.68092
3781 0.68092
3782 0.68092
3783 0.68092
3784 0.68092
3785 0.68092
3786 0.68092
3787 0.68092
3788 0.68092
3789 0.68092
3790 0.68092
3791 0.68092
3792 0.68092
3793 0.68092
3794 0.68092
3795 0.68092
3796 0.68092
3797 0.68092
3798 0.68092
3799 0.68092
3800 0.68092
3801 0.68092
3802 0.68092
3803 0.68092
3804 0.68092
3805 0.68092
3806 0.68092
3807 0.68092
3808 0.68092
3809 0.68092
3810 0.68092
3811 0.68092
3812 0.68092
3813 0.68092
3814 0.68092
3815 0.68092
3816 0.68092
3817 0.68092
3818 0.68092
3819 0.68092
3820 0.68092
3821 0.68092
3822 0.68092
3823 0.68092
3824 0.68092
3825 0.68092
3826 0.68092
3827 0.68092
3828 0.68092
3829 0.68092
3830 0.68092
3831 0.68092
3832 0.68092
3833 0.68092
3834 0.68092
3835 0.68092
3836 0.68092
3837 0.68092
3838 0.68092
3839 0.68092
3840 0.68092
3841 0.68092
3842 0.68092
3843 0.68092
3844 0.68092
3845 0.68092
3846 0.68092
3847 0.68092
3848 0.68092
3849 0.68092
3850 0.68092
3851 0.68092
3852 0.68092
3853 0.68092
3854 0.68092
3855 0.68092
3856 0.68092
3857 0.68092
3858 0.68092
3859 0.68092
3860 0.68092
3861 0.68092
3862 0.68092
3863 0.68092
3864 0.68092
3865 0.68092
3866 0.68092
3867 0.68092
3868 0.68092
3869 0.68092
3870 0.68092
3871 0.68092
3872 0.68092
3873 0.68092
3874 0.68092
3875 0.68092
3876 0.68092
3877 0.68092
3878 0.68092
3879 0.68092
3880 0.68092
3881 0.68092
3882 0.68092
3883 0.68092
3884 0.68092
3885 0.68092
3886 0.68092
3887 0.68092
3888 0.68092
3889 0.68092
3890 0.68092
3891 0.68092
3892 0.68092
3893 0.68092
3894 0.68092
3895 0.68092
3896 0.68092
3897 0.68092
3898 0.68092
3899 0.68092
3900 0.68092
3901 0.68092
3902 0.68092
3903 0.68092
3904 0.68092
3905 0.68092
3906 0.68092
3907 0.68092
3908 0.68092
3909 0.68092
3910 0.68092
3911 0.68092
3912 0.68092
3913 0.68092
3914 0.68092
3915 0.68092
3916 0.68092
3917 0.68092
3918 0.68092
3919 0.68092
3920 0.68092
3921 0.68092
3922 0.68092
3923 0.68092
3924 0.68092
3925 0.68092
3926 0.68092
3927 0.68092
3928 0.68092
3929 0.68092
3930 0.68092
3931 0.68092
3932 0.68092
3933 0.68092
3934 0.68092
3935 0.68092
3936 0.68092
3937 0.68092
3938 0.68092
3939 0.68092
3940 0.68092
3941 0.68092
3942 0.68092
3943 0.68092
3944 0.68092
3945 0.68092
3946 0.68092
3947 0.68092
3948 0.68092
3949 0.68092
3950 0.68092
3951 0.68092
3952 0.68092
3953 0.68092
3954 0.68092
3955 0.68092
3956 0.68092
3957 0.68092
3958 0.68092
3959 0.68092
3960 0.68092
3961 0.68092
3962 0.68092
3963 0.68092
3964 0.68092
3965 0.68092
3966 0.68092
3967 0.68092
3968 0.68092
3969 0.68092
3970 0.68092
3971 0.68092
3972 0.68092
3973 0.68092
3974 0.68092
3975 0.68092
3976 0.68092
3977 0.68092
3978 0.68092
3979 0.68092
3980 0.68092
3981 0.68092
3982 0.68092
3983 0.68092
3984 0.68092
3985 0.68092
3986 0.68092
3987 0.68092
3988 0.68092
3989 0.68092
3990 0.68092
3991 0.68092
3992 0.68092
3993 0.68092
3994 0.68092
3995 0.68092
3996 0.68092
3997 0.68092
3998 0.68092
3999 0.68092
4000 0.68092
4001 0.68092
4002 0.68092
4003 0.68092
4004 0.68092
4005 0.68092
4006 0.68092
4007 0.68092
4008 0.68092
4009 0.68092
4010 0.68092
4011 0.68092
4012 0.68092
4013 0.68092
4014 0.68092
4015 0.68092
4016 0.68092
4017 0.68092
4018 0.68092
4019 0.68092
4020 0.68092
4021 0.68092
4022 0.68092
4023 0.68092
4024 0.68092
4025 0.68092
4026 0.68092
4027 0.68092
4028 0.68092
4029 0.68092
4030 0.68092
4031 0.68092
4032 0.68092
4033 0.68092
4034 0.68092
4035 0.68092
4036 0.68092
4037 0.68092
4038 0.68092
4039 0.68092
4040 0.68092
4041 0.68092
4042 0.68092
4043 0.68092
4044 0.68092
4045 0.68092
4046 0.68092
4047 0.68092
4048 0.68092
4049 0.68092
4050 0.68092
4051 0.68092
4052 0.68092
4053 0.68092
4054 0.68092
4055 0.68092
4056 0.68092
4057 0.68092
4058 0.68092
4059 0.68092
4060 0.68092
4061 0.68092
4062 0.68092
4063 0.68092
4064 0.68092
4065 0.68092
4066 0.68092
4067 0.68092
4068 0.68092
4069 0.68092
4070 0.68092
4071 0.68092
4072 0.68092
4073 0.68092
4074 0.68092
4075 0.68092
4076 0.68092
4077 0.68092
4078 0.68092
4079 0.68092
4080 0.68092
4081 0.68092
4082 0.68092
4083 0.68092
4084 0.68092
4085 0.68092
4086 0.68092
4087 0.68092
4088 0.68092
4089 0.68092
4090 0.68092
4091 0.68092
4092 0.68092
4093 0.68092
4094 0.68092
4095 0.68092
4096 0.68092
4097 0.68092
4098 0.68092
4099 0.68092
4100 0.68092
4101 0.68092
4102 0.68092
4103 0.68092
4104 0.68092
4105 0.68092
4106 0.68092
4107 0.68092
4108 0.68092
4109 0.68092
4110 0.68092
4111 0.68092
4112 0.68092
4113 0.68092
4114 0.68092
4115 0.68092
4116 0.68092
4117 0.68092
4118 0.68092
4119 0.68092
4120 0.68092
4121 0.68092
4122 0.68092
4123 0.68092
4124 0.68092
4125 0.68092
4126 0.68092
4127 0.68092
4128 0.68092
4129 0.68092
4130 0.68092
4131 0.68092
4132 0.68092
4133 0.68092
4134 0.68092
4135 0.68092
4136 0.68092
4137 0.68092
4138 0.68092
4139 0.68092
4140 0.68092
4141 0.68092
4142 0.68092
4143 0.68092
4144 0.68092
4145 0.68092
4146 0.68092
4147 0.68092
4148 0.68092
4149 0.68092
4150 0.68092
4151 0.68092
4152 0.68092
4153 0.68092
4154 0.68092
4155 0.68092
4156 0.68092
4157 0.68092
4158 0.68092
4159 0.68092
4160 0.68092
4161 0.68092
4162 0.68092
4163 0.68092
4164 0.68092
4165 0.68092
4166 0.68092
4167 0.68092
4168 0.68092
4169 0.68092
4170 0.68092
4171 0.68092
4172 0.68092
4173 0.68092
4174 0.68092
4175 0.68092
4176 0.68092
4177 0.68092
4178 0.68092
4179 0.68092
4180 0.68092
4181 0.68092
4182 0.68092
4183 0.68092
4184 0.68092
4185 0.68092
4186 0.68092
4187 0.68092
4188 0.68092
4189 0.68092
4190 0.68092
4191 0.68092
4192 0.68092
4193 0.68092
4194 0.68092
4195 0.68092
4196 0.68092
4197 0.68092
4198 0.68092
4199 0.68092
4200 0.68092
4201 0.68092
4202 0.68092
4203 0.68092
4204 0.68092
4205 0.68092
4206 0.68092
4207 0.68092
4208 0.68092
4209 0.68092
4210 0.68092
4211 0.68092
4212 0.68092
4213 0.68092
4214 0.68092
4215 0.68092
4216 0.68092
4217 0.68092
4218 0.68092
4219 0.68092
4220 0.68092
4221 0.68092
4222 0.68092
4223 0.68092
4224 0.68092
4225 0.68092
4226 0.68092
4227 0.68092
4228 0.68092
4229 0.68092
4230 0.68092
4231 0.68092
4232 0.68092
4233 0.68092
4234 0.68092
4235 0.68092
4236 0.68092
4237 0.68092
4238 0.68092
4239 0.68092
4240 0.68092
4241 0.68092
4242 0.68092
4243 0.68092
4244 0.68092
4245 0.68092
4246 0.68092
4247 0.68092
4248 0.68092
4249 0.68092
4250 0.68092
4251 0.68092
4252 0.68092
4253 0.68092
4254 0.68092
4255 0.68092
4256 0.68092
4257 0.68092
4258 0.68092
4259 0.68092
4260 0.68092
4261 0.68092
4262 0.68092
4263 0.68092
4264 0.68092
4265 0.68092
4266 0.68092
4267 0.68092
4268 0.68092
4269 0.68092
4270 0.68092
4271 0.68092
4272 0.68092
4273 0.68092
4274 0.68092
4275 0.68092
4276 0.68092
4277 0.68092
4278 0.68092
4279 0.68092
4280 0.68092
4281 0.68092
4282 0.68092
4283 0.68092
4284 0.68092
4285 0.68092
4286 0.68092
4287 0.68092
4288 0.68092
4289 0.68092
4290 0.68092
4291 0.68092
4292 0.68092
4293 0.68092
4294 0.68092
4295 0.68092
4296 0.68092
4297 0.68092
4298 0.68092
4299 0.68092
4300 0.68092
4301 0.68092
4302 0.68092
4303 0.68092
4304 0.68092
4305 0.68092
4306 0.68092
4307 0.68092
4308 0.68092
4309 0.68092
4310 0.68092
4311 0.68092
4312 0.68092
4313 0.68092
4314 0.68092
4315 0.68092
4316 0.68092
4317 0.68092
4318 0.68092
4319 0.68092
4320 0.68092
4321 0.68092
4322 0.68092
4323 0.68092
4324 0.68092
4325 0.68092
4326 0.68092
4327 0.68092
4328 0.68092
4329 0.68092
4330 0.68092
4331 0.68092
4332 0.68092
4333 0.68092
4334 0.68092
4335 0.68092
4336 0.68092
4337 0.68092
4338 0.68092
4339 0.68092
4340 0.68092
4341 0.68092
4342 0.68092
4343 0.68092
4344 0.68092
4345 0.68092
4346 0.68092
4347 0.68092
4348 0.68092
4349 0.68092
4350 0.68092
4351 0.68092
4352 0.68092
4353 0.68092
4354 0.68092
4355 0.68092
4356 0.68092
4357 0.68092
4358 0.68092
4359 0.68092
4360 0.68092
4361 0.68092
4362 0.68092
4363 0.68092
4364 0.68092
4365 0.68092
4366 0.68092
4367 0.68092
4368 0.68092
4369 0.68092
4370 0.68092
4371 0.68092
4372 0.68092
4373 0.68092
4374 0.68092
4375 0.68092
4376 0.68092
4377 0.68092
4378 0.68092
4379 0.68092
4380 0.68092
4381 0.68092
4382 0.68092
4383 0.68092
4384 0.68092
4385 0.68092
4386 0.68092
4387 0.68092
4388 0.68092
4389 0.68092
4390 0.68092
4391 0.68092
4392 0.68092
4393 0.68092
4394 0.68092
4395 0.68092
4396 0.68092
4397 0.68092
4398 0.68092
4399 0.68092
4400 0.68092
4401 0.68092
4402 0.68092
4403 0.68092
4404 0.68092
4405 0.68092
4406 0.68092
4407 0.68092
4408 0.68092
4409 0.68092
4410 0.68092
4411 0.68092
4412 0.68092
4413 0.68092
4414 0.68092
4415 0.68092
4416 0.68092
4417 0.68092
4418 0.68092
4419 0.68092
4420 0.68092
4421 0.68092
4422 0.68092
4423 0.68092
4424 0.68092
4425 0.68092
4426 0.68092
4427 0.68092
4428 0.68092
4429 0.68092
4430 0.68092
4431 0.68092
4432 0.68092
4433 0.68092
4434 0.68092
4435 0.68092
4436 0.68092
4437 0.68092
4438 0.68092
4439 0.68092
4440 0.68092
4441 0.68092
4442 0.68092
4443 0.68092
4444 0.68092
4445 0.68092
4446 0.68092
4447 0.68092
4448 0.68092
4449 0.68092
4450 0.68092
4451 0.68092
4452 0.68092
4453 0.68092
4454 0.68092
4455 0.68092
4456 0.68092
4457 0.68092
4458 0.68092
4459 0.68092
4460 0.68092
4461 0.68092
4462 0.68092
4463 0.68092
4464 0.68092
4465 0.68092
4466 0.68092
4467 0.68092
4468 0.68092
4469 0.68092
4470 0.68092
4471 0.68092
4472 0.68092
4473 0.68092
4474 0.68092
4475 0.68092
4476 0.68092
4477 0.68092
4478 0.68092
4479 0.68092
4480 0.68092
4481 0.68092
4482 0.68092
4483 0.68092
4484 0.68092
4485 0.68092
4486 0.68092
4487 0.68092
4488 0.68092
4489 0.68092
4490 0.68092
4491 0.68092
4492 0.68092
4493 0.68092
4494 0.68092
4495 0.68092
4496 0.68092
4497 0.68092
4498 0.68092
4499 0.68092
4500 0.68092
4501 0.68092
4502 0.68092
4503 0.68092
4504 0.68092
4505 0.68092
4506 0.68092
4507 0.68092
4508 0.68092
4509 0.68092
4510 0.68092
4511 0.68092
4512 0.68092
4513 0.68092
4514 0.68092
4515 0.68092
4516 0.68092
4517 0.68092
4518 0.68092
4519 0.68092
4520 0.68092
4521 0.68092
4522 0.68092
4523 0.68092
4524 0.68092
4525 0.68092
4526 0.68092
4527 0.68092
4528 0.68092
4529 0.68092
4530 0.68092
4531 0.68092
4532 0.68092
4533 0.68092
4534 0.68092
4535 0.68092
4536 0.68092
4537 0.68092
