1 0.5116
2 0.5128
3 0.5144
4 0.516
5 0.5164
6 0.5172
7 0.5176
8 0.518
9 0.5184
10 0.5192
11 0.52
12 0.5212
13 0.522
14 0.5224
15 0.5232
16 0.5244
17 0.5256
18 0.5264
19 0.5276
20 0.528
21 0.5288
22 0.53
23 0.53
24 0.5308
25 0.532
26 0.5324
27 0.5324
28 0.5336
29 0.534
30 0.5348
31 0.5356
32 0.536
33 0.5372
34 0.5376
35 0.5384
36 0.5404
37 0.5412
38 0.5412
39 0.5416
40 0.5424
41 0.5424
42 0.5428
43 0.5436
44 0.5444
45 0.5448
46 0.5452
47 0.546
48 0.5472
49 0.548
50 0.548
51 0.5492
52 0.55
53 0.5512
54 0.5512
55 0.5512
56 0.5516
57 0.5516
58 0.5524
59 0.5524
60 0.5532
61 0.5544
62 0.5552
63 0.556
64 0.5564
65 0.5564
66 0.5568
67 0.5568
68 0.558
69 0.5588
70 0.5592
71 0.5596
72 0.5612
73 0.562
74 0.562
75 0.5628
76 0.5636
77 0.564
78 0.5652
79 0.5652
80 0.566
81 0.566
82 0.5668
83 0.5676
84 0.5676
85 0.5684
86 0.5688
87 0.57
88 0.5704
89 0.5708
90 0.5712
91 0.572
92 0.5728
93 0.5736
94 0.5744
95 0.5748
96 0.5748
97 0.5752
98 0.576
99 0.576
100 0.5764
101 0.5768
102 0.5776
103 0.5776
104 0.578
105 0.5784
106 0.5788
107 0.58
108 0.58
109 0.5804
110 0.5808
111 0.582
112 0.5824
113 0.5828
114 0.5836
115 0.584
116 0.5848
117 0.5852
118 0.586
119 0.5864
120 0.5868
121 0.5872
122 0.588
123 0.5884
124 0.5888
125 0.5888
126 0.5892
127 0.5896
128 0.59
129 0.5904
130 0.5908
131 0.5916
132 0.592
133 0.5936
134 0.5944
135 0.5944
136 0.5952
137 0.5956
138 0.5956
139 0.596
140 0.5964
141 0.5972
142 0.5976
143 0.598
144 0.598
145 0.5984
146 0.5984
147 0.5988
148 0.5988
149 0.6
150 0.6
151 0.6
152 0.6
153 0.6
154 0.6004
155 0.6012
156 0.6016
157 0.6016
158 0.6016
159 0.6016
160 0.6028
161 0.6032
162 0.604
163 0.604
164 0.6052
165 0.606
166 0.606
167 0.6068
168 0.6076
169 0.6076
170 0.608
171 0.608
172 0.6088
173 0.6096
174 0.6096
175 0.61
176 0.61
177 0.61
178 0.6104
179 0.6104
180 0.6108
181 0.6112
182 0.6112
183 0.6116
184 0.6116
185 0.6124
186 0.6128
187 0.6128
188 0.6128
189 0.6136
190 0.614
191 0.6144
192 0.6144
193 0.6144
194 0.6148
195 0.616
196 0.616
197 0.6164
198 0.6164
199 0.6168
200 0.6176
201 0.6176
202 0.618
203 0.618
204 0.618
205 0.6184
206 0.6188
207 0.6188
208 0.6192
209 0.6192
210 0.6196
211 0.6204
212 0.6208
213 0.6208
214 0.6208
215 0.6208
216 0.6212
217 0.622
218 0.6224
219 0.6224
220 0.6224
221 0.6228
222 0.6228
223 0.6232
224 0.6236
225 0.6236
226 0.624
227 0.6244
228 0.6244
229 0.6248
230 0.6252
231 0.6252
232 0.6252
233 0.6256
234 0.6256
235 0.626
236 0.626
237 0.6268
238 0.6268
239 0.6268
240 0.6272
241 0.6272
242 0.6276
243 0.6276
244 0.6284
245 0.6292
246 0.6292
247 0.6296
248 0.63
249 0.6304
250 0.6308
251 0.6308
252 0.6312
253 0.632
254 0.632
255 0.6324
256 0.6328
257 0.6336
258 0.634
259 0.634
260 0.6344
261 0.6348
262 0.6348
263 0.6352
264 0.6356
265 0.6356
266 0.6356
267 0.636
268 0.636
269 0.6364
270 0.6364
271 0.6372
272 0.6372
273 0.6376
274 0.6376
275 0.6376
276 0.638
277 0.6384
278 0.6384
279 0.6388
280 0.6388
281 0.6392
282 0.6392
283 0.6396
284 0.64
285 0.6404
286 0.6404
287 0.6408
288 0.6408
289 0.6408
290 0.6408
291 0.6412
292 0.6416
293 0.6416
294 0.6416
295 0.642
296 0.642
297 0.642
298 0.642
299 0.6424
300 0.6424
301 0.6428
302 0.6432
303 0.6432
304 0.6432
305 0.6432
306 0.6432
307 0.6432
308 0.6432
309 0.6432
310 0.6432
311 0.6432
312 0.6436
313 0.644
314 0.6444
315 0.6444
316 0.6444
317 0.6448
318 0.6448
319 0.6448
320 0.6452
321 0.6452
322 0.6452
323 0.646
324 0.646
325 0.646
326 0.646
327 0.646
328 0.646
329 0.646
330 0.646
331 0.6464
332 0.6464
333 0.6468
334 0.6472
335 0.6472
336 0.6472
337 0.6476
338 0.6476
339 0.6476
340 0.6476
341 0.648
342 0.6488
343 0.6496
344 0.6496
345 0.6496
346 0.6496
347 0.65
348 0.65
349 0.65
350 0.6504
351 0.6504
352 0.6508
353 0.6508
354 0.6512
355 0.6512
356 0.6512
357 0.6512
358 0.652
359 0.6524
360 0.6528
361 0.6536
362 0.6536
363 0.6536
364 0.6536
365 0.654
366 0.6544
367 0.6544
368 0.6544
369 0.6552
370 0.6552
371 0.656
372 0.656
373 0.656
374 0.6564
375 0.6564
376 0.6564
377 0.6568
378 0.6568
379 0.6568
380 0.6568
381 0.6576
382 0.658
383 0.658
384 0.658
385 0.658
386 0.658
387 0.658
388 0.658
389 0.6584
390 0.6584
391 0.6588
392 0.6592
393 0.6592
394 0.6596
395 0.6596
396 0.6596
397 0.66
398 0.6612
399 0.6612
400 0.6612
401 0.6612
402 0.6612
403 0.6612
404 0.6612
405 0.6616
406 0.6616
407 0.662
408 0.662
409 0.662
410 0.662
411 0.662
412 0.6624
413 0.6628
414 0.6628
415 0.664
416 0.664
417 0.6644
418 0.6644
419 0.6644
420 0.6644
421 0.6644
422 0.6644
423 0.6644
424 0.6644
425 0.6644
426 0.6644
427 0.6644
428 0.6644
429 0.6644
430 0.6644
431 0.6644
432 0.6644
433 0.6644
434 0.6644
435 0.6644
436 0.6648
437 0.6648
438 0.6652
439 0.6652
440 0.6652
441 0.6656
442 0.6656
443 0.666
444 0.666
445 0.666
446 0.666
447 0.6664
448 0.6664
449 0.6664
450 0.6664
451 0.6664
452 0.6664
453 0.6664
454 0.6664
455 0.6664
456 0.6664
457 0.6664
458 0.6668
459 0.6668
460 0.6668
461 0.6668
462 0.6668
463 0.6672
464 0.6672
465 0.6672
466 0.6672
467 0.6676
468 0.6676
469 0.6676
470 0.6676
471 0.6676
472 0.6676
473 0.668
474 0.668
475 0.668
476 0.668
477 0.668
478 0.6684
479 0.6684
480 0.6684
481 0.6684
482 0.6688
483 0.6688
484 0.6688
485 0.6688
486 0.6688
487 0.6688
488 0.6688
489 0.6688
490 0.6692
491 0.6696
492 0.6696
493 0.6696
494 0.6696
495 0.6696
496 0.6696
497 0.6696
498 0.6696
499 0.6696
500 0.6696
501 0.6696
502 0.6696
503 0.6696
504 0.6696
505 0.67
506 0.67
507 0.6708
508 0.6708
509 0.6708
510 0.6708
511 0.6708
512 0.6708
513 0.6708
514 0.6708
515 0.6708
516 0.6708
517 0.6708
518 0.6712
519 0.672
520 0.6724
521 0.6724
522 0.6724
523 0.6724
524 0.6728
525 0.6728
526 0.6732
527 0.6732
528 0.6732
529 0.6736
530 0.674
531 0.674
532 0.6744
533 0.6748
534 0.6748
535 0.6748
536 0.6748
537 0.6748
538 0.6748
539 0.6748
540 0.6748
541 0.6748
542 0.6748
543 0.6748
544 0.6748
545 0.6748
546 0.6748
547 0.6748
548 0.6748
549 0.6748
550 0.6748
551 0.6748
552 0.6752
553 0.6752
554 0.6752
555 0.6752
556 0.6752
557 0.6752
558 0.6752
559 0.6752
560 0.6752
561 0.6752
562 0.6752
563 0.6752
564 0.6752
565 0.6752
566 0.6752
567 0.6756
568 0.6756
569 0.6756
570 0.676
571 0.676
572 0.676
573 0.6764
574 0.6764
575 0.6764
576 0.6764
577 0.6764
578 0.6764
579 0.6768
580 0.6776
581 0.678
582 0.678
583 0.678
584 0.678
585 0.678
586 0.678
587 0.6784
588 0.6784
589 0.6784
590 0.6784
591 0.6788
592 0.6796
593 0.6796
594 0.6796
595 0.6796
596 0.6796
597 0.68
598 0.68
599 0.68
600 0.68
601 0.68
602 0.68
603 0.68
604 0.68
605 0.68
606 0.68
607 0.68
608 0.68
609 0.68
610 0.68
611 0.68
612 0.68
613 0.68
614 0.68
615 0.6804
616 0.6804
617 0.6804
618 0.6804
619 0.6804
620 0.6804
621 0.6804
622 0.6804
623 0.6804
624 0.6804
625 0.6804
626 0.6804
627 0.6804
628 0.6804
629 0.6808
630 0.6812
631 0.6812
632 0.6812
633 0.6812
634 0.6816
635 0.6816
636 0.6816
637 0.682
638 0.682
639 0.682
640 0.682
641 0.682
642 0.6824
643 0.6824
644 0.6824
645 0.6824
646 0.6824
647 0.6824
648 0.6828
649 0.6828
650 0.6828
651 0.6828
652 0.6832
653 0.6832
654 0.6832
655 0.6836
656 0.6836
657 0.6836
658 0.684
659 0.684
660 0.684
661 0.684
662 0.684
663 0.684
664 0.6844
665 0.6844
666 0.6844
667 0.6844
668 0.6844
669 0.6844
670 0.6844
671 0.6844
672 0.6844
673 0.6844
674 0.6848
675 0.6848
676 0.6848
677 0.6848
678 0.6848
679 0.6848
680 0.6852
681 0.6856
682 0.6856
683 0.6856
684 0.6856
685 0.686
686 0.686
687 0.686
688 0.686
689 0.686
690 0.686
691 0.686
692 0.686
693 0.686
694 0.686
695 0.686
696 0.686
697 0.686
698 0.686
699 0.686
700 0.686
701 0.686
702 0.686
703 0.686
704 0.686
705 0.686
706 0.686
707 0.686
708 0.686
709 0.686
710 0.686
711 0.686
712 0.686
713 0.686
714 0.686
715 0.686
716 0.686
717 0.686
718 0.686
719 0.686
720 0.686
721 0.6864
722 0.6864
723 0.6864
724 0.6864
725 0.6864
726 0.6864
727 0.6864
728 0.6864
729 0.6864
730 0.6864
731 0.6864
732 0.6864
733 0.6864
734 0.6864
735 0.6864
736 0.6864
737 0.6864
738 0.6864
739 0.6864
740 0.6864
741 0.6868
742 0.6868
743 0.6868
744 0.6868
745 0.6868
746 0.6868
747 0.6868
748 0.6868
749 0.6868
750 0.6868
751 0.6868
752 0.6868
753 0.6868
754 0.6868
755 0.6868
756 0.6868
757 0.6868
758 0.6868
759 0.6868
760 0.6868
761 0.6868
762 0.6868
763 0.6868
764 0.6868
765 0.6868
766 0.6868
767 0.6868
768 0.6868
769 0.6868
770 0.6868
771 0.6868
772 0.6868
773 0.6868
774 0.6868
775 0.6868
776 0.6868
777 0.6868
778 0.6868
779 0.6868
780 0.6868
781 0.6868
782 0.6868
783 0.6872
784 0.6872
785 0.6872
786 0.6872
787 0.6872
788 0.6872
789 0.6872
790 0.6872
791 0.6872
792 0.6876
793 0.6876
794 0.6876
795 0.6876
796 0.6876
797 0.6876
798 0.6876
799 0.6876
800 0.6876
801 0.6876
802 0.6876
803 0.6876
804 0.6876
805 0.6876
806 0.6876
807 0.6876
808 0.6876
809 0.6876
810 0.6876
811 0.6876
812 0.6876
813 0.6876
814 0.6876
815 0.6876
816 0.6876
817 0.6876
818 0.6876
819 0.6876
820 0.6876
821 0.6876
822 0.6876
823 0.6876
824 0.6876
825 0.6876
826 0.6876
827 0.6876
828 0.6876
829 0.6876
830 0.6876
831 0.6876
832 0.6876
833 0.6876
834 0.6876
835 0.6876
836 0.6876
837 0.6876
838 0.6876
839 0.6876
840 0.6876
841 0.6876
842 0.6876
843 0.6876
844 0.6876
845 0.6876
846 0.6876
847 0.6876
848 0.6876
849 0.6876
850 0.6876
851 0.6876
852 0.6876
853 0.6876
854 0.6876
855 0.6876
856 0.6876
857 0.6876
858 0.6876
859 0.6876
860 0.6876
861 0.6876
862 0.6876
863 0.6876
864 0.6876
865 0.6876
866 0.6876
867 0.6876
868 0.6876
869 0.6876
870 0.6876
871 0.6876
872 0.6876
873 0.6876
874 0.6876
875 0.6876
876 0.6876
877 0.6876
878 0.6876
879 0.6876
880 0.688
881 0.688
882 0.688
883 0.688
884 0.688
885 0.688
886 0.688
887 0.688
888 0.688
889 0.688
890 0.688
891 0.688
892 0.688
893 0.688
894 0.688
895 0.688
896 0.688
897 0.688
898 0.688
899 0.688
900 0.688
901 0.688
902 0.688
903 0.688
904 0.688
905 0.688
906 0.688
907 0.688
908 0.688
909 0.688
910 0.688
911 0.688
912 0.688
913 0.688
914 0.688
915 0.688
916 0.688
917 0.688
918 0.688
919 0.688
920 0.688
921 0.688
922 0.688
923 0.6884
924 0.6884
925 0.6884
926 0.6884
927 0.6884
928 0.6884
929 0.6884
930 0.6884
931 0.6884
932 0.6884
933 0.6884
934 0.6884
935 0.6884
936 0.6884
937 0.6884
938 0.6884
939 0.6884
940 0.6884
941 0.6884
942 0.6884
943 0.6884
944 0.6884
945 0.6884
946 0.6884
947 0.6884
948 0.6884
949 0.6884
950 0.6884
951 0.6884
952 0.6884
953 0.6884
954 0.6884
955 0.6884
956 0.6884
957 0.6884
958 0.6884
959 0.6884
960 0.6884
961 0.6884
962 0.6884
963 0.6884
964 0.6884
965 0.6884
966 0.6884
967 0.6884
968 0.6884
969 0.6884
970 0.6884
971 0.6884
972 0.6884
973 0.6884
974 0.6884
975 0.6884
976 0.6884
977 0.6884
978 0.6884
979 0.6884
980 0.6884
981 0.6884
982 0.6884
983 0.6884
984 0.6884
985 0.6884
986 0.6884
987 0.6884
988 0.6884
989 0.6884
990 0.6884
991 0.6884
992 0.6884
993 0.6884
994 0.6884
995 0.6884
996 0.6884
997 0.6884
998 0.6884
999 0.6884
