1 0.5208
2 0.522
3 0.5224
4 0.5232
5 0.5244
6 0.5256
7 0.5264
8 0.5276
9 0.528
10 0.5288
11 0.5292
12 0.53
13 0.5304
14 0.5308
15 0.532
16 0.5332
17 0.5332
18 0.5344
19 0.5352
20 0.5364
21 0.5368
22 0.538
23 0.5388
24 0.5396
25 0.5408
26 0.5412
27 0.5412
28 0.5428
29 0.5436
30 0.544
31 0.544
32 0.5452
33 0.546
34 0.5464
35 0.5476
36 0.5484
37 0.5488
38 0.55
39 0.5508
40 0.5516
41 0.5524
42 0.5528
43 0.554
44 0.5556
45 0.5556
46 0.5564
47 0.5576
48 0.5584
49 0.5588
50 0.5592
51 0.56
52 0.56
53 0.5604
54 0.5608
55 0.5608
56 0.562
57 0.562
58 0.5628
59 0.5632
60 0.5632
61 0.5636
62 0.5636
63 0.564
64 0.5648
65 0.5652
66 0.5664
67 0.568
68 0.568
69 0.5688
70 0.5688
71 0.5688
72 0.57
73 0.5708
74 0.5716
75 0.5728
76 0.5736
77 0.574
78 0.5744
79 0.5752
80 0.5752
81 0.5756
82 0.5764
83 0.5764
84 0.5772
85 0.5776
86 0.578
87 0.5788
88 0.5792
89 0.5796
90 0.58
91 0.5804
92 0.5808
93 0.5812
94 0.5816
95 0.582
96 0.5828
97 0.5828
98 0.5832
99 0.5844
100 0.586
101 0.5868
102 0.5876
103 0.588
104 0.5888
105 0.5892
106 0.5892
107 0.5896
108 0.5896
109 0.59
110 0.5904
111 0.5908
112 0.5916
113 0.5932
114 0.5932
115 0.5936
116 0.594
117 0.594
118 0.594
119 0.5944
120 0.5944
121 0.5948
122 0.5948
123 0.596
124 0.5968
125 0.5976
126 0.5976
127 0.5988
128 0.5988
129 0.5996
130 0.5996
131 0.6
132 0.6
133 0.6
134 0.6004
135 0.6008
136 0.6012
137 0.6024
138 0.6024
139 0.6028
140 0.6032
141 0.6032
142 0.6036
143 0.604
144 0.6044
145 0.6048
146 0.6048
147 0.6056
148 0.606
149 0.6064
150 0.6068
151 0.6072
152 0.6072
153 0.6076
154 0.608
155 0.608
156 0.6084
157 0.6084
158 0.6092
159 0.6092
160 0.6096
161 0.6104
162 0.6108
163 0.6112
164 0.612
165 0.6124
166 0.6128
167 0.6136
168 0.614
169 0.6144
170 0.6144
171 0.6152
172 0.6152
173 0.6156
174 0.616
175 0.616
176 0.616
177 0.6164
178 0.6164
179 0.6172
180 0.6172
181 0.618
182 0.6184
183 0.6184
184 0.6184
185 0.6196
186 0.62
187 0.62
188 0.62
189 0.6208
190 0.6208
191 0.6208
192 0.6212
193 0.622
194 0.622
195 0.6228
196 0.6232
197 0.6232
198 0.624
199 0.624
200 0.624
201 0.6244
202 0.6244
203 0.6252
204 0.6252
205 0.6256
206 0.6256
207 0.6256
208 0.626
209 0.626
210 0.626
211 0.626
212 0.6268
213 0.628
214 0.628
215 0.6288
216 0.6292
217 0.6292
218 0.6296
219 0.6296
220 0.63
221 0.6304
222 0.6308
223 0.6312
224 0.6316
225 0.6324
226 0.6328
227 0.6328
228 0.6328
229 0.6328
230 0.6336
231 0.6336
232 0.634
233 0.634
234 0.6344
235 0.6344
236 0.6344
237 0.6344
238 0.6344
239 0.6344
240 0.6344
241 0.6352
242 0.6352
243 0.6352
244 0.6356
245 0.6356
246 0.6356
247 0.6364
248 0.6364
249 0.6364
250 0.6364
251 0.6364
252 0.6364
253 0.6368
254 0.6372
255 0.6376
256 0.6376
257 0.638
258 0.6384
259 0.6384
260 0.6388
261 0.6388
262 0.6392
263 0.6392
264 0.64
265 0.64
266 0.6404
267 0.6404
268 0.6404
269 0.6412
270 0.6412
271 0.6412
272 0.6416
273 0.6416
274 0.642
275 0.642
276 0.6428
277 0.6428
278 0.6428
279 0.6428
280 0.6428
281 0.6432
282 0.6432
283 0.6436
284 0.6436
285 0.6436
286 0.6436
287 0.644
288 0.644
289 0.644
290 0.644
291 0.644
292 0.6444
293 0.6444
294 0.6452
295 0.6452
296 0.6456
297 0.6456
298 0.6456
299 0.6456
300 0.6456
301 0.6456
302 0.6456
303 0.6456
304 0.646
305 0.646
306 0.646
307 0.6464
308 0.6464
309 0.6464
310 0.6464
311 0.6464
312 0.6464
313 0.6464
314 0.6468
315 0.6472
316 0.6472
317 0.6476
318 0.648
319 0.648
320 0.6484
321 0.6488
322 0.6488
323 0.6492
324 0.6492
325 0.6496
326 0.6496
327 0.6496
328 0.6496
329 0.6496
330 0.6496
331 0.65
332 0.65
333 0.6508
334 0.6508
335 0.6508
336 0.6508
337 0.6512
338 0.6512
339 0.6512
340 0.6512
341 0.6516
342 0.6516
343 0.652
344 0.652
345 0.6524
346 0.6524
347 0.6528
348 0.6528
349 0.6532
350 0.6536
351 0.654
352 0.654
353 0.6544
354 0.6544
355 0.6544
356 0.6548
357 0.6548
358 0.6548
359 0.6552
360 0.6552
361 0.6552
362 0.6556
363 0.656
364 0.656
365 0.6564
366 0.6564
367 0.6572
368 0.6572
369 0.6576
370 0.6576
371 0.658
372 0.6584
373 0.6584
374 0.6584
375 0.6584
376 0.6584
377 0.6588
378 0.6588
379 0.6592
380 0.6596
381 0.6596
382 0.6596
383 0.66
384 0.66
385 0.6608
386 0.6608
387 0.6608
388 0.6608
389 0.6608
390 0.6608
391 0.6608
392 0.6612
393 0.6612
394 0.6612
395 0.6616
396 0.6616
397 0.6616
398 0.6616
399 0.662
400 0.662
401 0.6624
402 0.6628
403 0.6628
404 0.6628
405 0.6628
406 0.6628
407 0.6632
408 0.6632
409 0.6632
410 0.6632
411 0.6632
412 0.6636
413 0.6636
414 0.6644
415 0.6644
416 0.6644
417 0.6644
418 0.6644
419 0.6648
420 0.6648
421 0.6648
422 0.6648
423 0.6656
424 0.6656
425 0.666
426 0.666
427 0.6664
428 0.6664
429 0.6664
430 0.6664
431 0.6664
432 0.6668
433 0.6668
434 0.6672
435 0.6672
436 0.6676
437 0.6676
438 0.668
439 0.6684
440 0.6684
441 0.6684
442 0.6684
443 0.6684
444 0.6684
445 0.6684
446 0.6684
447 0.6684
448 0.6684
449 0.6684
450 0.6684
451 0.6684
452 0.6688
453 0.6692
454 0.6692
455 0.6692
456 0.6692
457 0.6692
458 0.6692
459 0.6692
460 0.6692
461 0.6696
462 0.6696
463 0.6696
464 0.6696
465 0.6696
466 0.6696
467 0.6696
468 0.6696
469 0.6696
470 0.6696
471 0.6696
472 0.6696
473 0.6696
474 0.6696
475 0.6696
476 0.67
477 0.67
478 0.6704
479 0.6712
480 0.6712
481 0.6712
482 0.6712
483 0.6712
484 0.6716
485 0.6716
486 0.6716
487 0.6724
488 0.6724
489 0.6728
490 0.6728
491 0.6728
492 0.6728
493 0.6728
494 0.6728
495 0.6728
496 0.6728
497 0.6728
498 0.6728
499 0.6728
500 0.6728
501 0.6732
502 0.6732
503 0.6732
504 0.6732
505 0.6732
506 0.6732
507 0.6732
508 0.6732
509 0.6732
510 0.6736
511 0.6744
512 0.6744
513 0.6744
514 0.6744
515 0.6744
516 0.6744
517 0.6744
518 0.6744
519 0.6744
520 0.6744
521 0.6744
522 0.6744
523 0.6744
524 0.6744
525 0.6744
526 0.6744
527 0.6744
528 0.6744
529 0.6744
530 0.6744
531 0.6744
532 0.6744
533 0.6744
534 0.6744
535 0.6744
536 0.6744
537 0.6744
538 0.6744
539 0.6744
540 0.6744
541 0.6744
542 0.6744
543 0.6744
544 0.6744
545 0.6744
546 0.6744
547 0.6744
548 0.6744
549 0.6744
550 0.6744
551 0.6748
552 0.6748
553 0.6748
554 0.6748
555 0.6748
556 0.6748
557 0.6748
558 0.6748
559 0.6748
560 0.6748
561 0.6756
562 0.676
563 0.6764
564 0.6764
565 0.6764
566 0.6764
567 0.6764
568 0.6764
569 0.6764
570 0.6764
571 0.6764
572 0.6764
573 0.6764
574 0.6764
575 0.6764
576 0.6764
577 0.6764
578 0.6764
579 0.6764
580 0.6764
581 0.6764
582 0.6764
583 0.6764
584 0.6764
585 0.6764
586 0.6764
587 0.6764
588 0.6764
589 0.6764
590 0.6764
591 0.6764
592 0.6764
593 0.6768
594 0.6768
595 0.6768
596 0.6772
597 0.6772
598 0.6772
599 0.6772
600 0.6772
601 0.6772
602 0.6772
603 0.6772
604 0.6772
605 0.6772
606 0.6772
607 0.6776
608 0.6776
609 0.6776
610 0.6776
611 0.6776
612 0.6776
613 0.6776
614 0.6776
615 0.6776
616 0.6776
617 0.6776
618 0.6776
619 0.6776
620 0.6776
621 0.6776
622 0.678
623 0.678
624 0.678
625 0.678
626 0.678
627 0.678
628 0.678
629 0.678
630 0.678
631 0.678
632 0.678
633 0.678
634 0.678
635 0.678
636 0.678
637 0.678
638 0.678
639 0.678
640 0.678
641 0.678
642 0.678
643 0.678
644 0.678
645 0.678
646 0.678
647 0.678
648 0.6788
649 0.6788
650 0.6788
651 0.6788
652 0.6788
653 0.6788
654 0.6788
655 0.6788
656 0.6788
657 0.6788
658 0.6792
659 0.6792
660 0.6792
661 0.6792
662 0.6796
663 0.6796
664 0.6796
665 0.68
666 0.68
667 0.68
668 0.68
669 0.68
670 0.68
671 0.6804
672 0.6812
673 0.6812
674 0.6812
675 0.6812
676 0.6812
677 0.6812
678 0.6812
679 0.6812
680 0.6812
681 0.6812
682 0.6812
683 0.6812
684 0.6812
685 0.682
686 0.682
687 0.682
688 0.682
689 0.682
690 0.682
691 0.682
692 0.682
693 0.682
694 0.682
695 0.682
696 0.682
697 0.682
698 0.682
699 0.682
700 0.682
701 0.682
702 0.682
703 0.682
704 0.682
705 0.682
706 0.682
707 0.682
708 0.682
709 0.682
710 0.6824
711 0.6836
712 0.6836
713 0.6836
714 0.6836
715 0.684
716 0.684
717 0.684
718 0.684
719 0.684
720 0.684
721 0.684
722 0.684
723 0.6844
724 0.6844
725 0.6844
726 0.6844
727 0.6844
728 0.6844
729 0.6844
730 0.6844
731 0.6844
732 0.6848
733 0.6848
734 0.6848
735 0.6848
736 0.6848
737 0.6848
738 0.6848
739 0.6848
740 0.6848
741 0.6848
742 0.6848
743 0.6848
744 0.6848
745 0.6848
746 0.6848
747 0.6848
748 0.6852
749 0.6852
750 0.6852
751 0.6852
752 0.6852
753 0.6852
754 0.6852
755 0.6852
756 0.6852
757 0.6852
758 0.6852
759 0.6852
760 0.6852
761 0.6852
762 0.6852
763 0.6852
764 0.6852
765 0.6852
766 0.6852
767 0.6852
768 0.6852
769 0.6852
770 0.6852
771 0.6852
772 0.6852
773 0.6852
774 0.6852
775 0.6856
776 0.6856
777 0.6856
778 0.6856
779 0.686
780 0.686
781 0.686
782 0.686
783 0.686
784 0.686
785 0.686
786 0.686
787 0.686
788 0.686
789 0.686
790 0.686
791 0.686
792 0.6864
793 0.6864
794 0.6864
795 0.6864
796 0.6864
797 0.6864
798 0.6864
799 0.6864
800 0.6864
801 0.6864
802 0.6864
803 0.6864
804 0.6868
805 0.6868
806 0.6868
807 0.6868
808 0.6868
809 0.6868
810 0.6872
811 0.6872
812 0.6872
813 0.6872
814 0.6872
815 0.6876
816 0.6876
817 0.6876
818 0.6876
819 0.6876
820 0.6876
821 0.6876
822 0.6876
823 0.6876
824 0.6876
825 0.6876
826 0.6876
827 0.6876
828 0.6876
829 0.6876
830 0.6876
831 0.6876
832 0.6876
833 0.6876
834 0.6876
835 0.6876
836 0.6876
837 0.688
838 0.688
839 0.688
840 0.688
841 0.688
842 0.688
843 0.688
844 0.688
845 0.688
846 0.688
847 0.688
848 0.688
849 0.688
850 0.688
851 0.688
852 0.688
853 0.688
854 0.688
855 0.688
856 0.688
857 0.688
858 0.688
859 0.688
860 0.688
861 0.688
862 0.688
863 0.688
864 0.688
865 0.688
866 0.688
867 0.688
868 0.688
869 0.688
870 0.688
871 0.688
872 0.688
873 0.688
874 0.688
875 0.688
876 0.688
877 0.688
878 0.688
879 0.688
880 0.688
881 0.688
882 0.688
883 0.688
884 0.688
885 0.688
886 0.688
887 0.6884
888 0.6884
889 0.6888
890 0.6888
891 0.6888
892 0.6888
893 0.6888
894 0.6888
895 0.6888
896 0.6888
897 0.6888
898 0.6888
899 0.6888
900 0.6888
901 0.6888
902 0.6888
903 0.6888
904 0.6888
905 0.6888
906 0.6888
907 0.6888
908 0.6888
909 0.6888
910 0.6888
911 0.6888
912 0.6888
913 0.6888
914 0.6888
915 0.6888
916 0.6888
917 0.6888
918 0.6888
919 0.6888
920 0.6888
921 0.6888
922 0.6888
923 0.6888
924 0.6888
925 0.6888
926 0.6888
927 0.6888
928 0.6892
929 0.6892
930 0.6892
931 0.6892
932 0.6892
933 0.6892
934 0.6892
935 0.6892
936 0.6892
937 0.6892
938 0.6892
939 0.6892
940 0.6892
941 0.6892
942 0.6896
943 0.6896
944 0.6896
945 0.6896
946 0.6896
947 0.6896
948 0.6896
949 0.6896
950 0.6896
951 0.6896
952 0.6896
953 0.6896
954 0.6896
955 0.6896
956 0.6896
957 0.69
958 0.69
959 0.69
960 0.69
961 0.69
962 0.69
963 0.69
964 0.69
965 0.69
966 0.69
967 0.69
968 0.69
969 0.69
970 0.69
971 0.69
972 0.6908
973 0.6908
974 0.6908
975 0.6908
976 0.6912
977 0.6912
978 0.6912
979 0.6912
980 0.6912
981 0.6916
982 0.6916
983 0.6916
984 0.6916
985 0.6916
986 0.6916
987 0.6916
988 0.6916
989 0.6916
990 0.6916
991 0.6916
992 0.6916
993 0.6916
994 0.6916
995 0.6916
996 0.6916
997 0.6916
998 0.6916
999 0.6916
