1 0.5172
2 0.5176
3 0.5184
4 0.5196
5 0.5204
6 0.5204
7 0.5208
8 0.5208
9 0.522
10 0.5228
11 0.5232
12 0.524
13 0.5248
14 0.5248
15 0.5252
16 0.5268
17 0.528
18 0.5288
19 0.5296
20 0.53
21 0.5304
22 0.5316
23 0.5324
24 0.5332
25 0.5336
26 0.534
27 0.5352
28 0.536
29 0.5364
30 0.5376
31 0.538
32 0.5384
33 0.5388
34 0.54
35 0.5412
36 0.5416
37 0.5428
38 0.5436
39 0.544
40 0.5448
41 0.5456
42 0.546
43 0.5468
44 0.5468
45 0.548
46 0.5484
47 0.5496
48 0.5508
49 0.5512
50 0.5516
51 0.5524
52 0.5536
53 0.5536
54 0.554
55 0.5544
56 0.5552
57 0.556
58 0.5564
59 0.5572
60 0.558
61 0.5584
62 0.5588
63 0.5596
64 0.5596
65 0.56
66 0.5604
67 0.5612
68 0.5616
69 0.5624
70 0.5632
71 0.5632
72 0.5636
73 0.564
74 0.5644
75 0.5652
76 0.566
77 0.5664
78 0.5668
79 0.5668
80 0.5672
81 0.5676
82 0.568
83 0.5688
84 0.5692
85 0.57
86 0.5708
87 0.5712
88 0.572
89 0.5724
90 0.5732
91 0.5732
92 0.5732
93 0.574
94 0.5752
95 0.5764
96 0.5776
97 0.5784
98 0.5788
99 0.5788
100 0.5796
101 0.5804
102 0.5812
103 0.5824
104 0.5824
105 0.5824
106 0.5828
107 0.5828
108 0.5832
109 0.5836
110 0.5844
111 0.5856
112 0.5864
113 0.5864
114 0.5872
115 0.5872
116 0.5876
117 0.588
118 0.5888
119 0.5896
120 0.5908
121 0.5908
122 0.592
123 0.592
124 0.5928
125 0.5928
126 0.5932
127 0.594
128 0.5948
129 0.5956
130 0.5968
131 0.5972
132 0.5972
133 0.598
134 0.5984
135 0.5988
136 0.5992
137 0.5996
138 0.6004
139 0.6004
140 0.6004
141 0.6008
142 0.6008
143 0.6008
144 0.602
145 0.6024
146 0.6024
147 0.6024
148 0.6032
149 0.6036
150 0.6036
151 0.6044
152 0.6044
153 0.6048
154 0.6048
155 0.6052
156 0.606
157 0.606
158 0.6068
159 0.6076
160 0.6084
161 0.6088
162 0.6092
163 0.6096
164 0.61
165 0.6104
166 0.6116
167 0.612
168 0.612
169 0.612
170 0.6124
171 0.6124
172 0.6124
173 0.6128
174 0.6136
175 0.614
176 0.6144
177 0.6148
178 0.6148
179 0.6148
180 0.6156
181 0.616
182 0.616
183 0.6164
184 0.6164
185 0.6168
186 0.6168
187 0.6172
188 0.6172
189 0.6176
190 0.618
191 0.618
192 0.6188
193 0.6188
194 0.62
195 0.6204
196 0.6212
197 0.6212
198 0.622
199 0.6228
200 0.6228
201 0.6236
202 0.624
203 0.6244
204 0.6248
205 0.6248
206 0.6252
207 0.6252
208 0.6252
209 0.6256
210 0.6256
211 0.626
212 0.6264
213 0.6268
214 0.6268
215 0.6272
216 0.6276
217 0.6276
218 0.628
219 0.6284
220 0.6288
221 0.6292
222 0.6296
223 0.6296
224 0.63
225 0.63
226 0.63
227 0.63
228 0.6304
229 0.6308
230 0.6308
231 0.6312
232 0.6316
233 0.632
234 0.6324
235 0.6324
236 0.6328
237 0.6336
238 0.6344
239 0.6344
240 0.6352
241 0.6356
242 0.6356
243 0.6356
244 0.6356
245 0.6368
246 0.6372
247 0.6372
248 0.6376
249 0.638
250 0.6384
251 0.6388
252 0.6392
253 0.6396
254 0.6396
255 0.64
256 0.64
257 0.6404
258 0.6408
259 0.6408
260 0.6412
261 0.6416
262 0.6416
263 0.6416
264 0.642
265 0.642
266 0.6428
267 0.6428
268 0.6432
269 0.6432
270 0.6436
271 0.644
272 0.644
273 0.644
274 0.6444
275 0.6444
276 0.6444
277 0.6448
278 0.6448
279 0.6452
280 0.6452
281 0.6456
282 0.6456
283 0.646
284 0.646
285 0.646
286 0.6464
287 0.6464
288 0.6468
289 0.6468
290 0.6468
291 0.6468
292 0.6468
293 0.6468
294 0.6472
295 0.6476
296 0.6476
297 0.6476
298 0.6476
299 0.6476
300 0.648
301 0.6488
302 0.6488
303 0.6492
304 0.6492
305 0.6496
306 0.6496
307 0.65
308 0.65
309 0.6504
310 0.6504
311 0.6504
312 0.6504
313 0.6504
314 0.6504
315 0.6504
316 0.6508
317 0.6508
318 0.6508
319 0.6508
320 0.6512
321 0.6516
322 0.6516
323 0.6516
324 0.652
325 0.652
326 0.652
327 0.6528
328 0.6528
329 0.6528
330 0.6528
331 0.6528
332 0.6528
333 0.6528
334 0.6528
335 0.6536
336 0.6536
337 0.6536
338 0.6536
339 0.6536
340 0.6536
341 0.654
342 0.6544
343 0.6544
344 0.6544
345 0.6544
346 0.6548
347 0.6548
348 0.6548
349 0.6548
350 0.6548
351 0.6548
352 0.6548
353 0.6548
354 0.6552
355 0.6552
356 0.6556
357 0.656
358 0.656
359 0.6568
360 0.6572
361 0.6576
362 0.6584
363 0.6592
364 0.6596
365 0.6596
366 0.6596
367 0.6596
368 0.66
369 0.66
370 0.66
371 0.66
372 0.66
373 0.66
374 0.66
375 0.66
376 0.66
377 0.66
378 0.66
379 0.66
380 0.66
381 0.6604
382 0.6604
383 0.6604
384 0.6604
385 0.6604
386 0.6604
387 0.6608
388 0.6608
389 0.6616
390 0.6616
391 0.6616
392 0.6616
393 0.6616
394 0.662
395 0.662
396 0.662
397 0.662
398 0.6624
399 0.6624
400 0.6624
401 0.6624
402 0.6624
403 0.6628
404 0.6628
405 0.6628
406 0.6628
407 0.6628
408 0.6632
409 0.6632
410 0.6632
411 0.6632
412 0.6636
413 0.6644
414 0.6644
415 0.6652
416 0.6656
417 0.6656
418 0.6656
419 0.6656
420 0.6656
421 0.6656
422 0.6664
423 0.6664
424 0.6664
425 0.6664
426 0.6664
427 0.6664
428 0.6664
429 0.6664
430 0.6668
431 0.6668
432 0.6668
433 0.6672
434 0.6672
435 0.6672
436 0.6672
437 0.6672
438 0.668
439 0.668
440 0.668
441 0.6684
442 0.6684
443 0.6684
444 0.6688
445 0.6688
446 0.6692
447 0.6692
448 0.6692
449 0.6692
450 0.6692
451 0.6696
452 0.6696
453 0.67
454 0.67
455 0.67
456 0.67
457 0.67
458 0.67
459 0.6704
460 0.6704
461 0.6704
462 0.6708
463 0.6708
464 0.6708
465 0.6708
466 0.6708
467 0.6708
468 0.6708
469 0.6708
470 0.6708
471 0.6708
472 0.6708
473 0.6708
474 0.6712
475 0.6712
476 0.6712
477 0.6712
478 0.672
479 0.672
480 0.672
481 0.6728
482 0.6728
483 0.6728
484 0.6728
485 0.6728
486 0.6728
487 0.6728
488 0.6728
489 0.6728
490 0.6728
491 0.6728
492 0.6728
493 0.6728
494 0.6732
495 0.6732
496 0.6736
497 0.6736
498 0.6736
499 0.6736
500 0.6736
501 0.6736
502 0.6736
503 0.6736
504 0.6736
505 0.6736
506 0.6736
507 0.6736
508 0.674
509 0.674
510 0.674
511 0.674
512 0.6744
513 0.6744
514 0.6744
515 0.6744
516 0.6744
517 0.6744
518 0.6744
519 0.6744
520 0.6748
521 0.6748
522 0.6748
523 0.6748
524 0.6748
525 0.6748
526 0.6748
527 0.6748
528 0.6752
529 0.6752
530 0.6752
531 0.6752
532 0.6752
533 0.6752
534 0.6752
535 0.6756
536 0.6756
537 0.6756
538 0.6756
539 0.6756
540 0.6756
541 0.6756
542 0.6756
543 0.6756
544 0.6756
545 0.676
546 0.676
547 0.676
548 0.676
549 0.676
550 0.676
551 0.676
552 0.676
553 0.676
554 0.676
555 0.676
556 0.676
557 0.676
558 0.676
559 0.676
560 0.676
561 0.676
562 0.676
563 0.676
564 0.676
565 0.6764
566 0.6764
567 0.6764
568 0.6764
569 0.6768
570 0.6776
571 0.6776
572 0.6776
573 0.6776
574 0.678
575 0.678
576 0.6784
577 0.6784
578 0.6784
579 0.6784
580 0.6784
581 0.6784
582 0.6784
583 0.6784
584 0.6784
585 0.6784
586 0.6784
587 0.6784
588 0.6784
589 0.6784
590 0.6788
591 0.6788
592 0.6792
593 0.6792
594 0.6792
595 0.6796
596 0.6796
597 0.6796
598 0.6796
599 0.6796
600 0.6796
601 0.6796
602 0.6796
603 0.6796
604 0.6796
605 0.6796
606 0.6796
607 0.6796
608 0.6796
609 0.6796
610 0.6796
611 0.6796
612 0.6796
613 0.6796
614 0.68
615 0.68
616 0.68
617 0.68
618 0.68
619 0.68
620 0.68
621 0.68
622 0.68
623 0.68
624 0.68
625 0.68
626 0.68
627 0.68
628 0.68
629 0.68
630 0.68
631 0.68
632 0.68
633 0.68
634 0.68
635 0.68
636 0.68
637 0.68
638 0.68
639 0.68
640 0.68
641 0.68
642 0.68
643 0.68
644 0.68
645 0.68
646 0.68
647 0.68
648 0.68
649 0.68
650 0.68
651 0.68
652 0.68
653 0.68
654 0.68
655 0.68
656 0.68
657 0.68
658 0.68
659 0.68
660 0.68
661 0.68
662 0.68
663 0.68
664 0.68
665 0.68
666 0.68
667 0.68
668 0.6804
669 0.6804
670 0.6804
671 0.6804
672 0.6804
673 0.6804
674 0.6804
675 0.6804
676 0.6804
677 0.6804
678 0.6804
679 0.6804
680 0.6804
681 0.6804
682 0.6804
683 0.6804
684 0.6804
685 0.6804
686 0.6804
687 0.6804
688 0.6804
689 0.6804
690 0.6804
691 0.6804
692 0.6804
693 0.6804
694 0.6804
695 0.6804
696 0.6804
697 0.6808
698 0.6808
699 0.6808
700 0.6808
701 0.6808
702 0.6808
703 0.6808
704 0.6808
705 0.6808
706 0.6808
707 0.6808
708 0.6808
709 0.6808
710 0.6808
711 0.6808
712 0.6808
713 0.6808
714 0.6808
715 0.6808
716 0.6808
717 0.6808
718 0.6808
719 0.6808
720 0.6816
721 0.6816
722 0.6816
723 0.6816
724 0.682
725 0.682
726 0.682
727 0.682
728 0.682
729 0.682
730 0.682
731 0.682
732 0.682
733 0.6824
734 0.6824
735 0.6824
736 0.6824
737 0.6824
738 0.6824
739 0.6824
740 0.6824
741 0.6824
742 0.6824
743 0.6824
744 0.6824
745 0.6824
746 0.6824
747 0.6824
748 0.6824
749 0.6824
750 0.6824
751 0.6824
752 0.6828
753 0.6828
754 0.6828
755 0.6828
756 0.6828
757 0.6828
758 0.6828
759 0.6828
760 0.6828
761 0.6828
762 0.6828
763 0.6828
764 0.6828
765 0.6828
766 0.6828
767 0.6828
768 0.6832
769 0.6832
770 0.6832
771 0.6832
772 0.6832
773 0.6832
774 0.6832
775 0.6832
776 0.6832
777 0.6832
778 0.6832
779 0.6832
780 0.6832
781 0.6836
782 0.6844
783 0.6844
784 0.6848
785 0.6852
786 0.6852
787 0.6852
788 0.6852
789 0.6852
790 0.6852
791 0.6852
792 0.6852
793 0.6856
794 0.6856
795 0.6856
796 0.6856
797 0.6856
798 0.6856
799 0.6856
800 0.686
801 0.686
802 0.686
803 0.686
804 0.686
805 0.686
806 0.686
807 0.686
808 0.686
809 0.686
810 0.686
811 0.686
812 0.686
813 0.686
814 0.686
815 0.686
816 0.686
817 0.686
818 0.686
819 0.686
820 0.686
821 0.686
822 0.686
823 0.686
824 0.686
825 0.686
826 0.686
827 0.686
828 0.686
829 0.686
830 0.686
831 0.686
832 0.686
833 0.686
834 0.686
835 0.686
836 0.686
837 0.686
838 0.686
839 0.686
840 0.686
841 0.686
842 0.686
843 0.6864
844 0.6864
845 0.6864
846 0.6864
847 0.6864
848 0.6864
849 0.6864
850 0.6864
851 0.6864
852 0.6864
853 0.6864
854 0.6864
855 0.6864
856 0.6864
857 0.6864
858 0.6864
859 0.6864
860 0.6864
861 0.6864
862 0.6864
863 0.6864
864 0.6864
865 0.6864
866 0.6864
867 0.6864
868 0.6864
869 0.6864
870 0.6864
871 0.6864
872 0.6864
873 0.6864
874 0.6864
875 0.6864
876 0.6864
877 0.6864
878 0.6864
879 0.6864
880 0.6864
881 0.6864
882 0.6864
883 0.6864
884 0.6864
885 0.6864
886 0.6864
887 0.6864
888 0.6864
889 0.6864
890 0.6868
891 0.6868
892 0.6868
893 0.6868
894 0.6868
895 0.6868
896 0.6868
897 0.6868
898 0.6868
899 0.6868
900 0.6868
901 0.6868
902 0.6868
903 0.6868
904 0.6868
905 0.6868
906 0.6868
907 0.6868
908 0.6868
909 0.6868
910 0.6868
911 0.6868
912 0.6868
913 0.6868
914 0.6868
915 0.6868
916 0.6872
917 0.6872
918 0.6872
919 0.6872
920 0.6872
921 0.6872
922 0.6872
923 0.6876
924 0.6876
925 0.6876
926 0.6876
927 0.6876
928 0.6876
929 0.6876
930 0.6876
931 0.6876
932 0.6876
933 0.6876
934 0.6876
935 0.6876
936 0.688
937 0.688
938 0.688
939 0.688
940 0.688
941 0.688
942 0.688
943 0.6884
944 0.6888
945 0.6888
946 0.6888
947 0.6888
948 0.6888
949 0.6888
950 0.6888
951 0.6888
952 0.6888
953 0.6888
954 0.6888
955 0.6888
956 0.6888
957 0.6888
958 0.6888
959 0.6888
960 0.6888
961 0.6888
962 0.6888
963 0.6888
964 0.6888
965 0.6888
966 0.6888
967 0.6888
968 0.6888
969 0.6888
970 0.6888
971 0.6888
972 0.6888
973 0.6888
974 0.6888
975 0.6888
976 0.6888
977 0.6888
978 0.6888
979 0.6892
980 0.6892
981 0.6892
982 0.6892
983 0.6892
984 0.6892
985 0.6892
986 0.6892
987 0.6896
988 0.6896
989 0.6896
990 0.6896
991 0.6896
992 0.6896
993 0.6896
994 0.6896
995 0.6896
996 0.6896
997 0.6896
998 0.6896
999 0.6896
1000 0.69
1001 0.69
1002 0.69
1003 0.69
1004 0.69
1005 0.69
1006 0.69
1007 0.69
1008 0.69
1009 0.69
1010 0.69
1011 0.69
1012 0.69
1013 0.69
1014 0.69
1015 0.69
1016 0.69
1017 0.69
1018 0.69
1019 0.69
1020 0.69
1021 0.69
1022 0.69
1023 0.69
1024 0.69
1025 0.69
1026 0.69
1027 0.6904
1028 0.6904
1029 0.6904
1030 0.6904
1031 0.6904
1032 0.6904
1033 0.6904
1034 0.6904
1035 0.6904
1036 0.6904
1037 0.6904
1038 0.6904
1039 0.6904
1040 0.6904
1041 0.6904
1042 0.6904
1043 0.6904
1044 0.6904
1045 0.6904
1046 0.6904
1047 0.6904
1048 0.6904
1049 0.6904
1050 0.6904
1051 0.6904
1052 0.6904
1053 0.6904
1054 0.6904
1055 0.6904
1056 0.6904
1057 0.6904
1058 0.6904
1059 0.6904
1060 0.6904
1061 0.6904
1062 0.6904
1063 0.6904
1064 0.6904
1065 0.6904
1066 0.6904
1067 0.6904
1068 0.6904
1069 0.6904
1070 0.6904
1071 0.6904
1072 0.6904
1073 0.6904
1074 0.6904
1075 0.6904
1076 0.6904
1077 0.6904
1078 0.6904
1079 0.6904
1080 0.6904
1081 0.6908
1082 0.6908
1083 0.6908
1084 0.6908
1085 0.6908
1086 0.6908
1087 0.6908
1088 0.6908
1089 0.6908
1090 0.6908
1091 0.6908
1092 0.6908
1093 0.6908
1094 0.6908
1095 0.6908
1096 0.6908
1097 0.6908
1098 0.6908
1099 0.6908
1100 0.6908
1101 0.6908
1102 0.6908
1103 0.6908
1104 0.6908
1105 0.6912
1106 0.6912
1107 0.6912
1108 0.6912
1109 0.6912
1110 0.6912
1111 0.6912
1112 0.6912
1113 0.6912
1114 0.6912
1115 0.6912
1116 0.6912
1117 0.6912
1118 0.6912
1119 0.6912
1120 0.6912
1121 0.6912
1122 0.6912
1123 0.6912
1124 0.6912
1125 0.6912
1126 0.6912
1127 0.6912
1128 0.6912
1129 0.6912
1130 0.6916
1131 0.6916
1132 0.692
1133 0.692
1134 0.692
1135 0.692
1136 0.692
1137 0.692
1138 0.692
1139 0.692
1140 0.692
1141 0.692
1142 0.692
1143 0.692
1144 0.692
1145 0.692
1146 0.692
1147 0.692
1148 0.692
1149 0.692
1150 0.692
1151 0.692
1152 0.692
1153 0.692
1154 0.692
1155 0.692
1156 0.692
1157 0.692
1158 0.692
1159 0.692
1160 0.692
1161 0.692
1162 0.692
1163 0.692
1164 0.692
1165 0.692
1166 0.692
1167 0.692
1168 0.692
1169 0.692
1170 0.692
1171 0.692
1172 0.692
1173 0.692
1174 0.692
1175 0.692
1176 0.692
1177 0.692
1178 0.692
1179 0.692
1180 0.692
1181 0.692
1182 0.692
1183 0.692
1184 0.692
1185 0.692
1186 0.692
1187 0.692
1188 0.692
1189 0.692
1190 0.692
1191 0.692
1192 0.692
1193 0.692
1194 0.692
1195 0.692
1196 0.692
1197 0.692
1198 0.692
1199 0.692
1200 0.692
1201 0.692
1202 0.6928
1203 0.6932
1204 0.6932
1205 0.6932
1206 0.6932
1207 0.6932
1208 0.6932
1209 0.6932
1210 0.6932
1211 0.6932
1212 0.6932
1213 0.6932
1214 0.6932
1215 0.6932
1216 0.6932
1217 0.6932
1218 0.6936
1219 0.6936
1220 0.6936
1221 0.6936
1222 0.6936
1223 0.6936
1224 0.6936
1225 0.6936
1226 0.694
1227 0.694
1228 0.694
1229 0.694
1230 0.694
1231 0.694
1232 0.694
1233 0.694
1234 0.694
1235 0.694
1236 0.694
1237 0.694
1238 0.694
1239 0.694
1240 0.694
1241 0.694
1242 0.694
1243 0.694
1244 0.694
1245 0.694
1246 0.694
1247 0.694
1248 0.694
1249 0.694
1250 0.694
1251 0.694
1252 0.694
1253 0.694
1254 0.694
1255 0.694
1256 0.694
1257 0.694
1258 0.694
1259 0.694
1260 0.694
1261 0.694
1262 0.694
1263 0.694
1264 0.694
1265 0.694
1266 0.694
1267 0.694
1268 0.694
1269 0.694
1270 0.694
1271 0.694
1272 0.694
1273 0.694
1274 0.694
1275 0.694
1276 0.694
1277 0.694
1278 0.694
1279 0.694
1280 0.694
1281 0.694
1282 0.694
1283 0.694
1284 0.694
1285 0.694
1286 0.694
1287 0.694
1288 0.694
1289 0.694
1290 0.694
1291 0.694
1292 0.694
1293 0.694
1294 0.694
1295 0.694
1296 0.694
1297 0.694
1298 0.694
1299 0.694
1300 0.694
1301 0.694
1302 0.694
1303 0.694
1304 0.694
1305 0.694
1306 0.694
1307 0.694
1308 0.694
1309 0.694
1310 0.694
1311 0.694
1312 0.694
1313 0.694
1314 0.694
1315 0.694
1316 0.694
1317 0.694
1318 0.694
1319 0.694
1320 0.694
1321 0.694
1322 0.694
1323 0.694
1324 0.694
1325 0.694
1326 0.6944
1327 0.6944
1328 0.6944
1329 0.6944
1330 0.6944
1331 0.6944
1332 0.6944
1333 0.6944
1334 0.6944
1335 0.6944
1336 0.6944
1337 0.6944
1338 0.6944
1339 0.6944
1340 0.6944
1341 0.6944
1342 0.6944
1343 0.6944
1344 0.6944
1345 0.6944
1346 0.6944
1347 0.6944
1348 0.6944
1349 0.6944
1350 0.6944
1351 0.6944
1352 0.6944
1353 0.6944
1354 0.6944
1355 0.6944
1356 0.6944
1357 0.6944
1358 0.6944
1359 0.6944
1360 0.6944
1361 0.6944
1362 0.6944
1363 0.6944
1364 0.6944
1365 0.6944
1366 0.6944
1367 0.6944
1368 0.6944
1369 0.6944
1370 0.6944
1371 0.6944
1372 0.6944
1373 0.6944
1374 0.6944
1375 0.6944
1376 0.6944
1377 0.6944
1378 0.6944
1379 0.6944
1380 0.6944
1381 0.6944
1382 0.6944
1383 0.6944
1384 0.6944
1385 0.6944
1386 0.6944
1387 0.6944
1388 0.6944
1389 0.6944
1390 0.6944
1391 0.6944
1392 0.6944
1393 0.6944
1394 0.6944
1395 0.6944
1396 0.6944
1397 0.6944
1398 0.6944
1399 0.6944
1400 0.6944
1401 0.6944
1402 0.6944
1403 0.6944
1404 0.6944
1405 0.6944
1406 0.6944
1407 0.6944
1408 0.6944
1409 0.6944
1410 0.6944
1411 0.6944
1412 0.6944
1413 0.6944
1414 0.6944
1415 0.6948
1416 0.6948
1417 0.6948
1418 0.6948
1419 0.6948
1420 0.6948
1421 0.6948
1422 0.6948
1423 0.6948
1424 0.6948
1425 0.6948
1426 0.6948
1427 0.6948
1428 0.6948
1429 0.6952
1430 0.6952
1431 0.6952
1432 0.6952
1433 0.6952
1434 0.6952
1435 0.6952
1436 0.6952
1437 0.6952
1438 0.6952
1439 0.6952
1440 0.6952
1441 0.6952
1442 0.6952
1443 0.6952
1444 0.6952
1445 0.6952
1446 0.6952
1447 0.6952
1448 0.6952
1449 0.6952
1450 0.6952
1451 0.6952
1452 0.6952
1453 0.6952
1454 0.6952
1455 0.6952
1456 0.6952
1457 0.6952
1458 0.6952
1459 0.6952
1460 0.6952
1461 0.6952
1462 0.6952
1463 0.6952
1464 0.6952
1465 0.6952
1466 0.6952
1467 0.6952
1468 0.6952
1469 0.6952
1470 0.6956
1471 0.6956
1472 0.6956
1473 0.6956
1474 0.6956
1475 0.6956
1476 0.6956
1477 0.6956
1478 0.6956
1479 0.6956
1480 0.6956
1481 0.6956
1482 0.6956
1483 0.6956
1484 0.6956
1485 0.6956
1486 0.6956
1487 0.6956
1488 0.6956
1489 0.6956
1490 0.6956
1491 0.6956
1492 0.6956
1493 0.6956
1494 0.6956
1495 0.6956
1496 0.6956
1497 0.6956
1498 0.6956
1499 0.6956
1500 0.6956
1501 0.6956
1502 0.6956
1503 0.6956
1504 0.6956
1505 0.6956
1506 0.6956
1507 0.6956
1508 0.6956
1509 0.6956
1510 0.6956
1511 0.6956
1512 0.6956
1513 0.6956
1514 0.6956
1515 0.6956
1516 0.6956
1517 0.6956
1518 0.6956
1519 0.6956
1520 0.6956
1521 0.6956
1522 0.6956
1523 0.6956
1524 0.6956
1525 0.6956
1526 0.6956
1527 0.6956
1528 0.6956
1529 0.6956
1530 0.6956
1531 0.6956
1532 0.6956
1533 0.6956
1534 0.6956
1535 0.6956
1536 0.6956
1537 0.6956
1538 0.6956
1539 0.6956
1540 0.6956
1541 0.6956
1542 0.6956
1543 0.6956
1544 0.6956
1545 0.6956
1546 0.6956
1547 0.6956
1548 0.6956
1549 0.6956
1550 0.6956
1551 0.6956
1552 0.6956
1553 0.6956
1554 0.6956
1555 0.6956
1556 0.6956
1557 0.6956
1558 0.6956
1559 0.6956
1560 0.6956
1561 0.6956
1562 0.6956
1563 0.6956
1564 0.6956
1565 0.6956
1566 0.6956
1567 0.6956
1568 0.6956
1569 0.6956
1570 0.6956
1571 0.6956
1572 0.6956
1573 0.6956
1574 0.6956
1575 0.6956
1576 0.6956
1577 0.6956
1578 0.6956
1579 0.6956
1580 0.6956
1581 0.6956
1582 0.6956
1583 0.6956
1584 0.6956
1585 0.6956
1586 0.6956
1587 0.6956
1588 0.6956
1589 0.6956
1590 0.6956
1591 0.6956
1592 0.6956
1593 0.6956
1594 0.6956
1595 0.6956
1596 0.6956
1597 0.6956
1598 0.6956
1599 0.6956
1600 0.6956
1601 0.6956
1602 0.6956
1603 0.6956
1604 0.6956
1605 0.6956
1606 0.6956
1607 0.6956
1608 0.6956
1609 0.6956
1610 0.6956
1611 0.6956
1612 0.6956
1613 0.6956
1614 0.6956
1615 0.6956
1616 0.6956
1617 0.6956
1618 0.6956
1619 0.6956
1620 0.6956
1621 0.6956
1622 0.6956
1623 0.6956
1624 0.6956
1625 0.6956
1626 0.6956
1627 0.6956
1628 0.6956
1629 0.6956
1630 0.6956
1631 0.6956
1632 0.6956
1633 0.6956
1634 0.6956
1635 0.6956
1636 0.6956
1637 0.6956
1638 0.6956
1639 0.6956
1640 0.6956
1641 0.6956
1642 0.6956
1643 0.6956
1644 0.6956
1645 0.6956
1646 0.6956
1647 0.6956
1648 0.6956
1649 0.6956
1650 0.6956
1651 0.6956
1652 0.6956
1653 0.6956
1654 0.6956
1655 0.6956
1656 0.6956
1657 0.6956
1658 0.6956
1659 0.6956
1660 0.6956
1661 0.6956
1662 0.6956
1663 0.6956
1664 0.6956
1665 0.6956
1666 0.6956
1667 0.6956
1668 0.6956
1669 0.6956
1670 0.6956
1671 0.6956
1672 0.6956
1673 0.6956
1674 0.6956
1675 0.6956
1676 0.6956
1677 0.6956
1678 0.6956
1679 0.6956
1680 0.6956
1681 0.6956
1682 0.6956
1683 0.6956
1684 0.6956
1685 0.6956
1686 0.6956
1687 0.6956
1688 0.6956
1689 0.6956
1690 0.6956
1691 0.6956
1692 0.6956
1693 0.6956
1694 0.6956
1695 0.6956
1696 0.6956
1697 0.6956
1698 0.6956
1699 0.6956
1700 0.6956
1701 0.6956
1702 0.6956
1703 0.6956
1704 0.6956
1705 0.6956
1706 0.6956
1707 0.6956
1708 0.6956
1709 0.6956
1710 0.6956
1711 0.6956
1712 0.6956
1713 0.6956
1714 0.6956
1715 0.6956
1716 0.6956
1717 0.6956
1718 0.6956
1719 0.6956
1720 0.6956
1721 0.6956
1722 0.6956
1723 0.6956
1724 0.6956
1725 0.6956
1726 0.6956
1727 0.6956
1728 0.6956
1729 0.6956
1730 0.6956
1731 0.6956
1732 0.6956
1733 0.6956
1734 0.6956
1735 0.6956
1736 0.6956
1737 0.6956
1738 0.6956
1739 0.6956
1740 0.6956
1741 0.6956
1742 0.6956
1743 0.6956
1744 0.6956
1745 0.6956
1746 0.6956
1747 0.6956
1748 0.6956
1749 0.6956
1750 0.6956
1751 0.6956
1752 0.6956
1753 0.6956
1754 0.6956
1755 0.6956
1756 0.6956
1757 0.6956
1758 0.6956
1759 0.6956
1760 0.6956
1761 0.6956
1762 0.6956
1763 0.6956
1764 0.6956
1765 0.6956
1766 0.6956
1767 0.6956
1768 0.6956
1769 0.6956
1770 0.6956
1771 0.6956
1772 0.6956
1773 0.6956
1774 0.6956
1775 0.6956
1776 0.6956
1777 0.6956
1778 0.6956
1779 0.6956
1780 0.6956
1781 0.6956
1782 0.6956
1783 0.6956
1784 0.6956
1785 0.6956
1786 0.6956
1787 0.6956
1788 0.6956
1789 0.6956
1790 0.6956
1791 0.6956
1792 0.6956
1793 0.696
1794 0.696
1795 0.696
1796 0.696
1797 0.696
1798 0.696
1799 0.696
1800 0.696
1801 0.696
1802 0.696
1803 0.696
1804 0.696
1805 0.696
1806 0.696
1807 0.696
1808 0.696
1809 0.696
1810 0.696
1811 0.696
1812 0.696
1813 0.696
1814 0.696
1815 0.696
1816 0.696
1817 0.696
1818 0.696
1819 0.696
1820 0.696
1821 0.696
1822 0.696
1823 0.696
1824 0.696
1825 0.696
1826 0.696
1827 0.696
1828 0.696
1829 0.696
1830 0.696
1831 0.696
1832 0.696
1833 0.696
1834 0.696
1835 0.696
1836 0.696
1837 0.696
1838 0.696
1839 0.696
1840 0.696
1841 0.696
1842 0.696
1843 0.696
1844 0.696
1845 0.696
1846 0.696
1847 0.696
1848 0.696
1849 0.696
1850 0.696
1851 0.696
1852 0.696
1853 0.696
1854 0.696
1855 0.696
1856 0.696
1857 0.696
1858 0.696
1859 0.696
1860 0.696
1861 0.696
1862 0.696
1863 0.696
1864 0.696
1865 0.696
1866 0.696
1867 0.696
1868 0.696
1869 0.696
1870 0.696
1871 0.696
1872 0.696
1873 0.696
1874 0.696
1875 0.696
1876 0.696
1877 0.696
1878 0.696
1879 0.696
1880 0.696
1881 0.696
1882 0.696
1883 0.696
1884 0.696
1885 0.696
1886 0.696
1887 0.696
1888 0.696
1889 0.696
1890 0.696
1891 0.696
1892 0.696
1893 0.696
1894 0.696
1895 0.696
1896 0.696
1897 0.696
1898 0.696
1899 0.696
1900 0.696
1901 0.696
1902 0.696
1903 0.696
1904 0.696
1905 0.696
1906 0.696
1907 0.696
1908 0.696
1909 0.696
1910 0.696
1911 0.696
1912 0.696
1913 0.696
1914 0.696
1915 0.696
1916 0.696
1917 0.696
1918 0.696
1919 0.696
1920 0.696
1921 0.696
1922 0.696
1923 0.696
1924 0.696
1925 0.696
1926 0.696
1927 0.696
1928 0.696
1929 0.696
1930 0.696
1931 0.696
1932 0.696
1933 0.696
1934 0.696
1935 0.696
1936 0.696
1937 0.696
1938 0.696
1939 0.696
1940 0.696
1941 0.696
1942 0.696
1943 0.696
1944 0.696
1945 0.696
1946 0.696
1947 0.696
1948 0.696
1949 0.696
1950 0.696
1951 0.696
1952 0.696
1953 0.696
1954 0.696
1955 0.696
1956 0.696
1957 0.696
1958 0.696
1959 0.696
1960 0.696
1961 0.696
1962 0.696
1963 0.696
1964 0.696
1965 0.696
1966 0.696
1967 0.696
1968 0.696
1969 0.696
1970 0.696
1971 0.696
1972 0.696
1973 0.696
1974 0.696
1975 0.696
1976 0.696
1977 0.696
1978 0.696
1979 0.696
1980 0.696
1981 0.696
1982 0.696
1983 0.696
1984 0.696
1985 0.696
1986 0.696
1987 0.696
1988 0.696
1989 0.696
1990 0.696
1991 0.696
1992 0.696
1993 0.696
1994 0.696
1995 0.696
1996 0.696
1997 0.696
1998 0.696
1999 0.696
2000 0.696
2001 0.696
2002 0.696
2003 0.696
2004 0.696
2005 0.696
2006 0.696
2007 0.696
2008 0.696
2009 0.696
2010 0.696
2011 0.696
2012 0.696
2013 0.696
2014 0.696
2015 0.696
2016 0.696
2017 0.696
2018 0.696
2019 0.696
2020 0.696
2021 0.696
2022 0.696
2023 0.696
2024 0.696
2025 0.696
2026 0.696
2027 0.696
2028 0.696
2029 0.696
2030 0.696
2031 0.696
2032 0.696
2033 0.696
2034 0.696
2035 0.696
2036 0.696
2037 0.696
2038 0.696
2039 0.696
2040 0.696
2041 0.696
2042 0.696
2043 0.696
2044 0.696
2045 0.696
2046 0.696
2047 0.696
2048 0.696
2049 0.696
2050 0.696
2051 0.696
2052 0.696
2053 0.696
2054 0.696
2055 0.696
2056 0.696
2057 0.696
2058 0.696
2059 0.696
2060 0.696
2061 0.696
2062 0.696
2063 0.696
2064 0.696
2065 0.696
2066 0.696
2067 0.696
2068 0.696
2069 0.696
2070 0.696
2071 0.696
2072 0.696
2073 0.696
2074 0.696
2075 0.696
2076 0.696
2077 0.696
2078 0.696
2079 0.696
2080 0.696
2081 0.696
2082 0.696
2083 0.696
2084 0.696
2085 0.696
2086 0.696
2087 0.696
2088 0.696
2089 0.696
2090 0.696
2091 0.696
2092 0.696
2093 0.696
2094 0.696
2095 0.696
2096 0.696
2097 0.696
2098 0.696
2099 0.696
2100 0.696
2101 0.696
2102 0.696
2103 0.696
2104 0.696
2105 0.696
2106 0.696
2107 0.696
2108 0.696
2109 0.696
2110 0.696
2111 0.696
2112 0.696
2113 0.696
2114 0.696
2115 0.696
2116 0.696
2117 0.696
2118 0.696
2119 0.696
2120 0.696
2121 0.696
2122 0.696
2123 0.696
2124 0.696
2125 0.696
2126 0.696
2127 0.696
2128 0.696
2129 0.696
2130 0.696
2131 0.696
2132 0.696
2133 0.696
2134 0.696
2135 0.696
2136 0.696
2137 0.696
2138 0.696
2139 0.696
2140 0.696
2141 0.696
2142 0.696
2143 0.696
2144 0.696
2145 0.696
2146 0.696
2147 0.696
2148 0.696
2149 0.696
2150 0.696
2151 0.696
2152 0.696
2153 0.696
2154 0.696
2155 0.696
2156 0.696
2157 0.696
2158 0.696
2159 0.696
2160 0.696
2161 0.696
2162 0.696
2163 0.696
2164 0.696
2165 0.696
2166 0.696
2167 0.696
2168 0.696
2169 0.696
2170 0.696
2171 0.696
2172 0.696
2173 0.696
2174 0.696
2175 0.696
2176 0.696
2177 0.696
2178 0.696
2179 0.696
2180 0.696
2181 0.696
2182 0.696
2183 0.696
2184 0.696
2185 0.696
2186 0.696
2187 0.696
2188 0.696
2189 0.696
2190 0.696
2191 0.696
2192 0.696
2193 0.696
2194 0.696
2195 0.696
2196 0.696
2197 0.696
2198 0.696
2199 0.696
2200 0.696
2201 0.696
2202 0.696
2203 0.696
2204 0.696
2205 0.696
2206 0.696
2207 0.696
2208 0.696
2209 0.696
2210 0.696
2211 0.696
2212 0.696
2213 0.696
2214 0.696
2215 0.696
2216 0.696
2217 0.696
2218 0.696
2219 0.696
2220 0.696
2221 0.696
2222 0.696
2223 0.696
2224 0.696
2225 0.696
2226 0.696
2227 0.696
2228 0.696
2229 0.696
2230 0.696
2231 0.696
2232 0.696
2233 0.696
2234 0.696
2235 0.696
2236 0.696
2237 0.696
2238 0.696
2239 0.696
2240 0.696
2241 0.696
2242 0.696
2243 0.696
2244 0.696
2245 0.696
2246 0.696
2247 0.696
2248 0.696
2249 0.696
2250 0.696
2251 0.696
2252 0.696
2253 0.696
2254 0.696
2255 0.696
2256 0.696
2257 0.696
2258 0.696
2259 0.696
2260 0.696
2261 0.696
2262 0.696
2263 0.696
2264 0.696
2265 0.696
2266 0.696
2267 0.696
2268 0.696
2269 0.696
2270 0.696
2271 0.696
2272 0.696
2273 0.696
2274 0.696
2275 0.696
2276 0.696
2277 0.696
2278 0.696
2279 0.696
2280 0.696
2281 0.696
2282 0.696
2283 0.696
2284 0.696
2285 0.696
2286 0.696
2287 0.696
2288 0.696
2289 0.696
2290 0.696
2291 0.696
2292 0.696
2293 0.696
2294 0.696
2295 0.696
2296 0.696
2297 0.696
2298 0.696
2299 0.696
2300 0.696
2301 0.696
2302 0.696
2303 0.696
2304 0.696
2305 0.696
2306 0.696
2307 0.696
2308 0.696
2309 0.696
2310 0.696
2311 0.696
2312 0.696
2313 0.696
2314 0.696
2315 0.696
2316 0.696
2317 0.696
2318 0.696
2319 0.696
2320 0.696
2321 0.696
2322 0.696
2323 0.696
2324 0.696
2325 0.696
2326 0.696
2327 0.696
2328 0.696
2329 0.696
2330 0.696
2331 0.696
2332 0.696
2333 0.696
2334 0.696
2335 0.696
2336 0.696
2337 0.696
2338 0.696
2339 0.696
2340 0.696
2341 0.696
2342 0.696
2343 0.696
2344 0.696
2345 0.696
2346 0.696
2347 0.696
2348 0.696
2349 0.696
2350 0.696
2351 0.696
2352 0.696
2353 0.696
2354 0.696
2355 0.696
2356 0.696
2357 0.696
2358 0.696
2359 0.696
2360 0.696
2361 0.696
2362 0.696
2363 0.696
2364 0.696
2365 0.696
2366 0.696
2367 0.696
2368 0.696
2369 0.696
2370 0.696
2371 0.696
2372 0.696
2373 0.696
2374 0.696
2375 0.696
2376 0.696
2377 0.696
2378 0.696
2379 0.696
2380 0.696
2381 0.696
2382 0.696
2383 0.696
2384 0.696
2385 0.696
2386 0.696
2387 0.696
2388 0.696
2389 0.696
2390 0.696
2391 0.696
2392 0.696
2393 0.696
2394 0.696
2395 0.696
2396 0.696
2397 0.696
2398 0.696
2399 0.696
2400 0.696
2401 0.696
2402 0.696
2403 0.696
2404 0.696
2405 0.696
2406 0.696
2407 0.696
2408 0.696
2409 0.696
2410 0.696
2411 0.696
2412 0.696
2413 0.696
2414 0.696
2415 0.696
2416 0.696
2417 0.696
2418 0.696
2419 0.696
2420 0.696
2421 0.696
2422 0.696
2423 0.696
2424 0.696
2425 0.696
2426 0.696
2427 0.696
2428 0.696
2429 0.696
2430 0.696
2431 0.696
2432 0.696
2433 0.696
2434 0.696
2435 0.696
2436 0.696
2437 0.696
2438 0.696
2439 0.696
2440 0.696
2441 0.696
2442 0.696
2443 0.696
2444 0.696
2445 0.696
2446 0.696
2447 0.696
2448 0.696
2449 0.696
2450 0.696
2451 0.696
2452 0.696
2453 0.696
2454 0.696
2455 0.696
2456 0.696
2457 0.696
2458 0.696
2459 0.696
2460 0.696
2461 0.696
2462 0.696
2463 0.696
2464 0.696
2465 0.696
2466 0.696
2467 0.696
2468 0.696
2469 0.696
2470 0.696
2471 0.696
2472 0.696
2473 0.696
2474 0.696
2475 0.696
2476 0.696
2477 0.696
2478 0.696
2479 0.696
2480 0.696
2481 0.696
2482 0.696
2483 0.696
2484 0.696
2485 0.696
2486 0.696
2487 0.696
2488 0.696
2489 0.696
2490 0.696
2491 0.696
2492 0.696
2493 0.696
2494 0.696
2495 0.696
2496 0.696
2497 0.696
2498 0.696
2499 0.696
2500 0.696
2501 0.696
2502 0.696
2503 0.696
2504 0.696
2505 0.696
2506 0.696
2507 0.696
2508 0.696
2509 0.696
2510 0.696
2511 0.696
2512 0.696
2513 0.696
2514 0.696
2515 0.696
2516 0.696
2517 0.696
2518 0.696
2519 0.696
2520 0.696
2521 0.696
2522 0.696
2523 0.696
2524 0.696
2525 0.696
2526 0.696
2527 0.696
2528 0.696
2529 0.696
2530 0.696
2531 0.696
2532 0.696
2533 0.696
2534 0.696
2535 0.696
2536 0.696
2537 0.696
2538 0.696
2539 0.696
2540 0.696
2541 0.696
2542 0.696
2543 0.696
2544 0.696
2545 0.696
2546 0.696
2547 0.696
2548 0.696
2549 0.696
2550 0.696
2551 0.696
2552 0.696
2553 0.696
2554 0.696
2555 0.696
2556 0.696
2557 0.696
2558 0.696
2559 0.696
2560 0.696
2561 0.696
2562 0.696
2563 0.696
2564 0.696
2565 0.696
2566 0.696
2567 0.696
2568 0.696
2569 0.696
2570 0.696
2571 0.696
2572 0.696
2573 0.696
2574 0.696
2575 0.696
2576 0.696
2577 0.696
2578 0.696
2579 0.696
2580 0.696
2581 0.696
2582 0.696
2583 0.696
2584 0.696
2585 0.696
2586 0.696
2587 0.696
2588 0.696
2589 0.696
2590 0.696
2591 0.696
2592 0.696
2593 0.696
2594 0.696
2595 0.696
2596 0.696
2597 0.696
2598 0.696
2599 0.696
2600 0.696
2601 0.696
2602 0.696
2603 0.696
2604 0.696
2605 0.696
2606 0.696
2607 0.696
2608 0.696
2609 0.696
2610 0.696
2611 0.696
2612 0.696
2613 0.696
2614 0.696
2615 0.696
2616 0.696
2617 0.696
2618 0.696
2619 0.696
2620 0.696
2621 0.696
2622 0.696
2623 0.696
2624 0.696
2625 0.696
2626 0.696
2627 0.696
2628 0.696
2629 0.696
2630 0.696
2631 0.696
2632 0.696
2633 0.696
2634 0.696
2635 0.696
2636 0.696
2637 0.696
2638 0.696
2639 0.696
2640 0.696
2641 0.696
2642 0.696
2643 0.696
2644 0.696
2645 0.696
2646 0.696
2647 0.696
2648 0.696
2649 0.696
2650 0.696
2651 0.696
2652 0.696
2653 0.696
2654 0.696
2655 0.696
2656 0.696
2657 0.696
2658 0.696
2659 0.696
2660 0.696
2661 0.696
2662 0.696
2663 0.696
2664 0.696
2665 0.696
2666 0.696
2667 0.696
2668 0.696
2669 0.696
2670 0.696
2671 0.696
2672 0.696
2673 0.696
2674 0.696
2675 0.696
2676 0.696
2677 0.696
2678 0.696
2679 0.696
2680 0.696
2681 0.696
2682 0.696
2683 0.696
2684 0.696
2685 0.696
2686 0.696
2687 0.696
2688 0.696
2689 0.696
2690 0.696
2691 0.696
2692 0.696
2693 0.696
2694 0.696
2695 0.696
2696 0.696
2697 0.696
2698 0.696
2699 0.696
2700 0.696
2701 0.696
2702 0.696
2703 0.696
2704 0.696
2705 0.696
2706 0.696
2707 0.696
2708 0.696
2709 0.696
2710 0.696
2711 0.696
2712 0.696
2713 0.696
2714 0.696
2715 0.696
2716 0.696
2717 0.696
2718 0.696
2719 0.696
2720 0.696
2721 0.696
2722 0.696
2723 0.696
2724 0.696
2725 0.696
2726 0.696
2727 0.696
2728 0.696
2729 0.696
2730 0.696
2731 0.696
2732 0.696
2733 0.696
2734 0.696
2735 0.696
2736 0.696
2737 0.696
2738 0.696
2739 0.696
2740 0.696
2741 0.696
2742 0.696
2743 0.696
2744 0.696
2745 0.696
2746 0.696
2747 0.696
2748 0.696
2749 0.696
2750 0.696
2751 0.696
2752 0.696
2753 0.696
2754 0.696
2755 0.696
2756 0.696
2757 0.696
2758 0.696
2759 0.696
2760 0.696
2761 0.696
2762 0.696
2763 0.696
2764 0.696
2765 0.696
2766 0.696
2767 0.696
2768 0.696
2769 0.696
2770 0.696
2771 0.696
2772 0.696
2773 0.696
2774 0.696
2775 0.696
2776 0.696
2777 0.696
2778 0.696
2779 0.696
2780 0.696
2781 0.696
2782 0.696
2783 0.696
2784 0.696
2785 0.696
2786 0.696
2787 0.696
2788 0.696
2789 0.696
2790 0.696
2791 0.696
2792 0.696
2793 0.696
2794 0.696
2795 0.696
2796 0.696
2797 0.696
2798 0.696
2799 0.696
2800 0.696
2801 0.696
2802 0.696
2803 0.696
2804 0.696
2805 0.696
2806 0.696
2807 0.696
2808 0.696
2809 0.696
2810 0.696
2811 0.696
2812 0.696
2813 0.696
2814 0.696
2815 0.696
2816 0.696
2817 0.696
2818 0.696
2819 0.696
2820 0.696
2821 0.696
2822 0.696
2823 0.696
2824 0.696
2825 0.696
2826 0.696
2827 0.696
2828 0.696
2829 0.696
2830 0.696
2831 0.696
2832 0.696
2833 0.696
2834 0.696
2835 0.696
2836 0.696
2837 0.696
2838 0.696
2839 0.696
2840 0.696
2841 0.696
2842 0.696
2843 0.696
2844 0.696
2845 0.696
2846 0.696
2847 0.696
2848 0.696
2849 0.696
2850 0.696
2851 0.696
2852 0.696
2853 0.696
2854 0.696
2855 0.696
2856 0.696
2857 0.696
2858 0.696
2859 0.696
2860 0.696
2861 0.696
2862 0.696
2863 0.696
2864 0.696
2865 0.696
2866 0.696
2867 0.696
2868 0.696
2869 0.696
2870 0.696
2871 0.696
2872 0.696
2873 0.696
2874 0.696
2875 0.696
2876 0.696
2877 0.696
2878 0.696
2879 0.696
2880 0.696
2881 0.696
2882 0.696
2883 0.696
2884 0.696
2885 0.696
2886 0.696
2887 0.696
2888 0.696
2889 0.696
2890 0.696
2891 0.696
2892 0.696
2893 0.696
2894 0.696
2895 0.696
2896 0.696
2897 0.696
2898 0.696
2899 0.696
2900 0.696
2901 0.696
2902 0.696
2903 0.696
2904 0.696
2905 0.696
2906 0.696
2907 0.696
2908 0.696
2909 0.696
2910 0.696
2911 0.696
2912 0.696
2913 0.696
2914 0.696
2915 0.696
2916 0.696
2917 0.696
2918 0.696
2919 0.696
2920 0.696
2921 0.696
2922 0.696
2923 0.6964
2924 0.6964
2925 0.6964
2926 0.6964
2927 0.6964
2928 0.6964
2929 0.6964
2930 0.6964
2931 0.6964
2932 0.6964
2933 0.6964
2934 0.6964
2935 0.6964
2936 0.6964
2937 0.6964
2938 0.6964
2939 0.6964
2940 0.6964
2941 0.6964
2942 0.6964
2943 0.6964
2944 0.6964
2945 0.6964
2946 0.6964
2947 0.6964
2948 0.6964
2949 0.6964
2950 0.6964
2951 0.6964
2952 0.6964
2953 0.6964
2954 0.6964
2955 0.6964
2956 0.6964
2957 0.6964
2958 0.6964
2959 0.6964
2960 0.6964
2961 0.6964
2962 0.6964
2963 0.6964
2964 0.6964
2965 0.6964
2966 0.6964
2967 0.6964
2968 0.6964
2969 0.6964
2970 0.6964
2971 0.6964
2972 0.6964
2973 0.6964
2974 0.6964
2975 0.6964
2976 0.6964
2977 0.6964
2978 0.6964
2979 0.6964
2980 0.6964
2981 0.6964
2982 0.6964
2983 0.6964
2984 0.6964
2985 0.6964
2986 0.6964
2987 0.6964
2988 0.6964
2989 0.6964
2990 0.6964
2991 0.6964
2992 0.6964
2993 0.6964
2994 0.6964
2995 0.6964
2996 0.6964
2997 0.6964
2998 0.6964
2999 0.6964
3000 0.6964
3001 0.6964
3002 0.6964
3003 0.6964
3004 0.6964
3005 0.6964
3006 0.6964
3007 0.6964
3008 0.6964
3009 0.6964
3010 0.6964
3011 0.6964
3012 0.6964
3013 0.6964
3014 0.6964
3015 0.6964
3016 0.6964
3017 0.6964
3018 0.6964
3019 0.6964
3020 0.6964
3021 0.6964
3022 0.6964
3023 0.6964
3024 0.6964
3025 0.6964
3026 0.6964
3027 0.6964
3028 0.6964
3029 0.6964
3030 0.6964
3031 0.6964
3032 0.6964
3033 0.6964
3034 0.6964
3035 0.6964
3036 0.6964
3037 0.6964
3038 0.6964
3039 0.6964
3040 0.6964
3041 0.6964
3042 0.6964
3043 0.6964
3044 0.6964
3045 0.6964
3046 0.6964
3047 0.6964
3048 0.6964
3049 0.6964
3050 0.6964
3051 0.6964
3052 0.6964
3053 0.6964
3054 0.6964
3055 0.6964
3056 0.6964
3057 0.6964
3058 0.6964
3059 0.6964
3060 0.6964
3061 0.6964
3062 0.6964
3063 0.6964
3064 0.6964
3065 0.6964
3066 0.6964
3067 0.6964
3068 0.6964
3069 0.6964
3070 0.6964
3071 0.6964
3072 0.6964
3073 0.6964
3074 0.6964
3075 0.6964
3076 0.6964
3077 0.6964
3078 0.6964
3079 0.6964
3080 0.6964
3081 0.6964
3082 0.6964
3083 0.6964
3084 0.6964
3085 0.6964
3086 0.6964
3087 0.6964
3088 0.6964
3089 0.6964
3090 0.6964
3091 0.6964
3092 0.6964
3093 0.6964
3094 0.6964
3095 0.6964
3096 0.6964
3097 0.6964
3098 0.6964
3099 0.6964
3100 0.6964
3101 0.6964
3102 0.6964
3103 0.6964
3104 0.6964
3105 0.6964
3106 0.6964
3107 0.6964
3108 0.6964
3109 0.6964
3110 0.6964
3111 0.6964
3112 0.6964
3113 0.6964
3114 0.6964
3115 0.6964
3116 0.6964
3117 0.6964
3118 0.6964
3119 0.6964
3120 0.6964
3121 0.6964
3122 0.6964
3123 0.6964
3124 0.6964
3125 0.6964
3126 0.6964
3127 0.6964
3128 0.6964
3129 0.6964
3130 0.6964
3131 0.6964
3132 0.6964
3133 0.6964
3134 0.6964
3135 0.6964
3136 0.6964
3137 0.6964
3138 0.6964
3139 0.6964
3140 0.6964
3141 0.6964
3142 0.6964
3143 0.6964
3144 0.6964
3145 0.6964
3146 0.6964
3147 0.6964
3148 0.6964
3149 0.6964
3150 0.6964
3151 0.6964
3152 0.6964
3153 0.6964
3154 0.6964
3155 0.6964
3156 0.6964
3157 0.6964
3158 0.6964
3159 0.6964
3160 0.6964
3161 0.6964
3162 0.6964
3163 0.6964
3164 0.6964
3165 0.6964
3166 0.6964
3167 0.6964
3168 0.6964
3169 0.6964
3170 0.6964
3171 0.6964
3172 0.6964
3173 0.6964
3174 0.6964
3175 0.6964
3176 0.6964
3177 0.6964
3178 0.6964
3179 0.6964
3180 0.6964
3181 0.6964
3182 0.6964
3183 0.6964
3184 0.6964
3185 0.6964
3186 0.6964
3187 0.6964
3188 0.6964
3189 0.6964
3190 0.6964
3191 0.6964
3192 0.6964
3193 0.6964
3194 0.6964
3195 0.6964
3196 0.6964
3197 0.6964
3198 0.6964
3199 0.6964
3200 0.6964
3201 0.6964
3202 0.6964
3203 0.6964
3204 0.6964
3205 0.6964
3206 0.6964
3207 0.6964
3208 0.6964
3209 0.6964
3210 0.6964
3211 0.6964
3212 0.6964
3213 0.6964
3214 0.6964
3215 0.6964
3216 0.6964
3217 0.6964
3218 0.6964
3219 0.6964
3220 0.6964
3221 0.6964
3222 0.6964
3223 0.6964
3224 0.6964
3225 0.6964
3226 0.6964
3227 0.6964
3228 0.6964
3229 0.6964
3230 0.6964
3231 0.6964
3232 0.6964
3233 0.6964
3234 0.6964
3235 0.6964
3236 0.6964
3237 0.6964
3238 0.6964
3239 0.6964
3240 0.6964
3241 0.6964
3242 0.6964
3243 0.6964
3244 0.6964
3245 0.6964
3246 0.6964
3247 0.6964
3248 0.6964
3249 0.6964
3250 0.6964
3251 0.6964
3252 0.6968
3253 0.6968
3254 0.6968
3255 0.6968
3256 0.6968
3257 0.6968
3258 0.6968
3259 0.6968
3260 0.6968
3261 0.6968
3262 0.6968
3263 0.6968
3264 0.6968
3265 0.6968
3266 0.6968
3267 0.6968
3268 0.6968
3269 0.6968
3270 0.6968
3271 0.6968
3272 0.6968
3273 0.6968
3274 0.6968
3275 0.6968
3276 0.6968
3277 0.6968
3278 0.6968
3279 0.6968
3280 0.6968
3281 0.6968
3282 0.6968
3283 0.6968
3284 0.6968
3285 0.6968
3286 0.6968
3287 0.6968
3288 0.6968
3289 0.6968
3290 0.6968
3291 0.6968
3292 0.6968
3293 0.6968
3294 0.6968
3295 0.6968
3296 0.6968
3297 0.6968
3298 0.6968
3299 0.6968
3300 0.6968
3301 0.6968
3302 0.6968
3303 0.6968
3304 0.6968
3305 0.6968
3306 0.6968
3307 0.6968
3308 0.6968
3309 0.6968
3310 0.6968
3311 0.6968
3312 0.6968
3313 0.6968
3314 0.6968
3315 0.6968
3316 0.6968
3317 0.6968
3318 0.6968
3319 0.6968
3320 0.6968
3321 0.6968
3322 0.6968
3323 0.6968
3324 0.6968
3325 0.6968
3326 0.6968
3327 0.6968
3328 0.6968
3329 0.6968
3330 0.6968
3331 0.6968
3332 0.6968
3333 0.6968
3334 0.6968
3335 0.6968
3336 0.6968
3337 0.6968
3338 0.6968
3339 0.6968
3340 0.6968
3341 0.6968
3342 0.6968
3343 0.6968
3344 0.6968
3345 0.6968
3346 0.6968
3347 0.6968
3348 0.6968
3349 0.6968
3350 0.6968
3351 0.6968
3352 0.6968
3353 0.6968
3354 0.6968
3355 0.6968
3356 0.6968
3357 0.6968
3358 0.6968
3359 0.6968
3360 0.6968
3361 0.6968
3362 0.6968
3363 0.6968
3364 0.6968
3365 0.6968
3366 0.6968
3367 0.6968
3368 0.6968
3369 0.6968
3370 0.6968
3371 0.6968
3372 0.6968
3373 0.6968
3374 0.6968
3375 0.6968
3376 0.6968
3377 0.6968
3378 0.6968
3379 0.6968
3380 0.6968
3381 0.6968
3382 0.6968
3383 0.6968
3384 0.6968
3385 0.6968
3386 0.6968
3387 0.6968
3388 0.6968
3389 0.6968
3390 0.6968
3391 0.6968
3392 0.6968
3393 0.6968
3394 0.6968
3395 0.6968
3396 0.6968
3397 0.6968
3398 0.6968
3399 0.6968
3400 0.6968
3401 0.6968
3402 0.6968
3403 0.6968
3404 0.6968
3405 0.6968
3406 0.6968
3407 0.6968
3408 0.6968
3409 0.6968
3410 0.6968
3411 0.6968
3412 0.6968
3413 0.6968
3414 0.6968
3415 0.6968
3416 0.6968
3417 0.6968
3418 0.6968
3419 0.6968
3420 0.6968
3421 0.6968
3422 0.6968
3423 0.6968
3424 0.6968
3425 0.6968
3426 0.6968
3427 0.6968
3428 0.6968
3429 0.6968
3430 0.6968
3431 0.6968
3432 0.6968
3433 0.6968
3434 0.6968
3435 0.6968
3436 0.6968
3437 0.6968
3438 0.6968
3439 0.6968
3440 0.6968
3441 0.6968
3442 0.6968
3443 0.6968
3444 0.6968
3445 0.6968
3446 0.6968
3447 0.6968
3448 0.6968
3449 0.6968
3450 0.6968
3451 0.6968
3452 0.6968
3453 0.6968
3454 0.6968
3455 0.6968
3456 0.6968
3457 0.6968
3458 0.6968
3459 0.6968
3460 0.6968
3461 0.6968
3462 0.6968
3463 0.6968
3464 0.6968
3465 0.6968
3466 0.6968
3467 0.6968
3468 0.6968
3469 0.6968
3470 0.6968
3471 0.6968
3472 0.6968
3473 0.6968
3474 0.6968
3475 0.6968
3476 0.6968
3477 0.6968
3478 0.6968
3479 0.6968
3480 0.6968
3481 0.6968
3482 0.6968
3483 0.6968
3484 0.6968
3485 0.6972
3486 0.6972
3487 0.6972
3488 0.6972
3489 0.6972
3490 0.6972
3491 0.6972
3492 0.6972
3493 0.6972
3494 0.6972
3495 0.6972
3496 0.6972
3497 0.6972
3498 0.6972
3499 0.6972
3500 0.6972
3501 0.6972
3502 0.6972
3503 0.6972
3504 0.6972
3505 0.6972
3506 0.6972
3507 0.6972
3508 0.6972
3509 0.6972
3510 0.6972
3511 0.6972
3512 0.6972
3513 0.6972
3514 0.6972
3515 0.6972
3516 0.6972
3517 0.6972
3518 0.6972
3519 0.6972
3520 0.6972
3521 0.6972
3522 0.6972
3523 0.6972
3524 0.6972
3525 0.6972
3526 0.6972
3527 0.6972
3528 0.6972
3529 0.6972
3530 0.6972
3531 0.6972
3532 0.6972
3533 0.6972
3534 0.6972
3535 0.6972
3536 0.6972
3537 0.6972
3538 0.6972
3539 0.6972
3540 0.6972
3541 0.6976
3542 0.6976
3543 0.6976
3544 0.6976
3545 0.6976
3546 0.6976
3547 0.6976
3548 0.6976
3549 0.6976
3550 0.6976
3551 0.6976
3552 0.6976
3553 0.6976
3554 0.6976
3555 0.6976
3556 0.6976
3557 0.6976
3558 0.6976
3559 0.6976
3560 0.6976
3561 0.6976
3562 0.6976
3563 0.6976
3564 0.6976
3565 0.6976
3566 0.6976
3567 0.6976
3568 0.6976
3569 0.6976
3570 0.6976
3571 0.6976
3572 0.6976
3573 0.6976
3574 0.6976
3575 0.6976
3576 0.6976
3577 0.6976
3578 0.6976
3579 0.6976
3580 0.6976
3581 0.6976
3582 0.6976
3583 0.6976
3584 0.6976
3585 0.6976
3586 0.6976
3587 0.6976
3588 0.6976
3589 0.6976
3590 0.6976
3591 0.6976
3592 0.6976
3593 0.6976
3594 0.6976
3595 0.6976
3596 0.6976
3597 0.6976
3598 0.6976
3599 0.6976
3600 0.6976
3601 0.6976
3602 0.6976
3603 0.6976
3604 0.6976
3605 0.6976
3606 0.6976
3607 0.6976
3608 0.6976
3609 0.6976
3610 0.6976
3611 0.6976
3612 0.6976
3613 0.6976
3614 0.6976
3615 0.6976
3616 0.6976
3617 0.6976
3618 0.6976
3619 0.6976
3620 0.6976
3621 0.6976
3622 0.6976
3623 0.6976
3624 0.6976
3625 0.6976
3626 0.6976
3627 0.6976
3628 0.6976
3629 0.6976
3630 0.6976
3631 0.6976
3632 0.6976
3633 0.6976
3634 0.6976
3635 0.6976
3636 0.6976
3637 0.6976
3638 0.6976
3639 0.6976
3640 0.6976
3641 0.6976
3642 0.6976
3643 0.6976
3644 0.6976
3645 0.6976
3646 0.6976
3647 0.6976
3648 0.6976
3649 0.6976
3650 0.6976
3651 0.6976
3652 0.6976
3653 0.6976
3654 0.6976
3655 0.6976
3656 0.6976
3657 0.6976
3658 0.6976
3659 0.6976
3660 0.6976
3661 0.6976
3662 0.6976
3663 0.6976
3664 0.6976
3665 0.6976
3666 0.6976
3667 0.6976
3668 0.6976
3669 0.6976
3670 0.6976
3671 0.6976
3672 0.6976
3673 0.6976
3674 0.6976
3675 0.6976
3676 0.6976
3677 0.6976
3678 0.6976
3679 0.6976
3680 0.6976
3681 0.6976
3682 0.6976
3683 0.6976
3684 0.6976
3685 0.6976
3686 0.6976
3687 0.6976
3688 0.6976
3689 0.6976
3690 0.6976
3691 0.6976
3692 0.6976
3693 0.6976
3694 0.6976
3695 0.6976
3696 0.6976
3697 0.6976
3698 0.6976
3699 0.6976
3700 0.6976
3701 0.6976
3702 0.6976
3703 0.6976
3704 0.6976
3705 0.6976
3706 0.6976
3707 0.6976
3708 0.6976
3709 0.6976
3710 0.6976
3711 0.6976
3712 0.6976
3713 0.6976
3714 0.6976
3715 0.6976
3716 0.6976
3717 0.6976
3718 0.6976
3719 0.6976
3720 0.6976
3721 0.6976
3722 0.6976
3723 0.6976
3724 0.6976
3725 0.6976
3726 0.6976
3727 0.6976
3728 0.698
3729 0.698
3730 0.698
3731 0.698
3732 0.698
3733 0.698
3734 0.698
3735 0.698
3736 0.698
3737 0.698
3738 0.698
3739 0.698
3740 0.698
3741 0.698
3742 0.698
3743 0.698
3744 0.698
3745 0.698
3746 0.698
3747 0.698
3748 0.698
3749 0.698
3750 0.698
3751 0.698
3752 0.698
3753 0.698
3754 0.698
3755 0.698
3756 0.698
3757 0.698
3758 0.698
3759 0.698
3760 0.698
3761 0.698
3762 0.698
3763 0.698
3764 0.698
3765 0.698
3766 0.698
3767 0.698
3768 0.698
3769 0.698
3770 0.698
3771 0.698
3772 0.698
3773 0.698
3774 0.698
3775 0.698
3776 0.698
3777 0.698
3778 0.698
3779 0.698
3780 0.698
3781 0.698
3782 0.698
3783 0.698
3784 0.698
3785 0.698
3786 0.698
3787 0.698
3788 0.698
3789 0.698
3790 0.698
3791 0.698
3792 0.698
3793 0.698
3794 0.698
3795 0.698
3796 0.698
3797 0.698
3798 0.698
3799 0.698
3800 0.698
3801 0.698
3802 0.698
3803 0.698
3804 0.698
3805 0.698
3806 0.698
3807 0.698
3808 0.698
3809 0.698
3810 0.698
3811 0.698
3812 0.698
3813 0.698
3814 0.698
3815 0.698
3816 0.698
3817 0.698
3818 0.698
3819 0.698
3820 0.698
3821 0.698
3822 0.698
3823 0.698
3824 0.698
3825 0.698
3826 0.698
3827 0.698
3828 0.698
3829 0.698
3830 0.698
3831 0.698
3832 0.698
3833 0.698
3834 0.698
3835 0.698
3836 0.698
3837 0.698
3838 0.698
3839 0.698
3840 0.698
3841 0.698
3842 0.698
3843 0.698
3844 0.698
3845 0.698
3846 0.698
3847 0.698
3848 0.698
3849 0.698
3850 0.698
3851 0.698
3852 0.698
3853 0.698
3854 0.698
3855 0.698
3856 0.698
3857 0.698
3858 0.698
3859 0.698
3860 0.698
3861 0.698
3862 0.698
3863 0.698
3864 0.698
3865 0.698
3866 0.698
3867 0.698
3868 0.698
3869 0.698
3870 0.698
3871 0.698
3872 0.698
3873 0.698
3874 0.698
3875 0.698
3876 0.698
3877 0.698
3878 0.698
3879 0.698
3880 0.698
3881 0.698
3882 0.698
3883 0.698
3884 0.698
3885 0.698
3886 0.698
3887 0.698
3888 0.698
3889 0.698
3890 0.698
3891 0.698
3892 0.698
3893 0.698
3894 0.698
3895 0.698
3896 0.698
3897 0.698
3898 0.698
3899 0.698
3900 0.698
3901 0.698
3902 0.698
3903 0.698
3904 0.698
3905 0.698
3906 0.698
3907 0.698
3908 0.698
3909 0.698
3910 0.698
3911 0.698
3912 0.698
3913 0.698
3914 0.698
3915 0.698
3916 0.698
3917 0.698
3918 0.698
3919 0.698
3920 0.698
3921 0.698
3922 0.698
3923 0.698
3924 0.698
3925 0.698
3926 0.698
3927 0.698
3928 0.698
3929 0.698
3930 0.698
3931 0.698
3932 0.698
3933 0.698
3934 0.698
3935 0.698
3936 0.698
3937 0.698
3938 0.698
3939 0.698
3940 0.698
3941 0.698
3942 0.698
3943 0.698
3944 0.698
3945 0.698
3946 0.698
3947 0.698
3948 0.698
3949 0.698
3950 0.698
3951 0.698
3952 0.698
3953 0.698
3954 0.698
3955 0.698
3956 0.698
3957 0.698
3958 0.698
3959 0.698
3960 0.698
3961 0.698
3962 0.698
3963 0.698
3964 0.698
3965 0.698
3966 0.698
3967 0.698
3968 0.698
3969 0.698
3970 0.698
3971 0.698
3972 0.698
3973 0.698
3974 0.698
3975 0.698
3976 0.698
3977 0.698
3978 0.698
3979 0.698
3980 0.698
3981 0.698
3982 0.698
3983 0.698
3984 0.698
3985 0.698
3986 0.698
3987 0.698
3988 0.698
3989 0.698
3990 0.698
3991 0.698
3992 0.698
3993 0.698
3994 0.698
3995 0.698
3996 0.698
3997 0.698
3998 0.698
3999 0.698
4000 0.698
4001 0.698
4002 0.698
4003 0.698
4004 0.698
4005 0.698
4006 0.698
4007 0.698
4008 0.698
4009 0.698
4010 0.698
4011 0.698
4012 0.698
4013 0.698
4014 0.698
4015 0.698
4016 0.698
4017 0.698
4018 0.698
4019 0.698
4020 0.698
4021 0.698
4022 0.698
4023 0.698
4024 0.698
4025 0.698
4026 0.698
4027 0.698
4028 0.698
4029 0.698
4030 0.698
4031 0.698
4032 0.698
4033 0.698
4034 0.698
4035 0.698
4036 0.698
4037 0.698
4038 0.698
4039 0.698
4040 0.698
4041 0.698
4042 0.698
4043 0.698
4044 0.698
4045 0.698
4046 0.698
4047 0.698
4048 0.698
4049 0.698
4050 0.698
4051 0.698
4052 0.698
4053 0.698
4054 0.698
4055 0.698
4056 0.698
4057 0.698
4058 0.698
4059 0.698
4060 0.698
4061 0.698
4062 0.698
4063 0.698
4064 0.698
4065 0.698
4066 0.698
4067 0.698
4068 0.698
4069 0.698
4070 0.698
4071 0.698
4072 0.698
4073 0.698
4074 0.698
4075 0.698
4076 0.698
4077 0.698
4078 0.698
4079 0.698
4080 0.698
4081 0.698
4082 0.698
4083 0.698
4084 0.698
4085 0.698
4086 0.698
4087 0.698
4088 0.698
4089 0.698
4090 0.698
4091 0.698
4092 0.698
4093 0.698
4094 0.698
4095 0.698
4096 0.698
4097 0.698
4098 0.698
4099 0.698
4100 0.698
4101 0.698
4102 0.698
4103 0.698
4104 0.698
4105 0.698
4106 0.698
4107 0.698
4108 0.698
4109 0.698
4110 0.698
4111 0.698
4112 0.698
4113 0.698
4114 0.698
4115 0.698
4116 0.698
4117 0.698
4118 0.698
4119 0.698
4120 0.698
4121 0.698
4122 0.698
4123 0.698
4124 0.698
4125 0.698
4126 0.698
4127 0.698
4128 0.698
4129 0.698
4130 0.698
4131 0.698
4132 0.698
4133 0.698
4134 0.698
4135 0.698
4136 0.698
4137 0.698
4138 0.698
4139 0.698
4140 0.698
4141 0.698
4142 0.698
4143 0.698
4144 0.698
4145 0.698
4146 0.698
4147 0.698
4148 0.698
4149 0.698
4150 0.698
4151 0.698
4152 0.698
4153 0.698
4154 0.698
4155 0.698
4156 0.698
4157 0.698
4158 0.698
4159 0.698
4160 0.698
4161 0.698
4162 0.698
4163 0.698
4164 0.698
4165 0.698
4166 0.698
4167 0.698
4168 0.698
4169 0.698
4170 0.698
4171 0.698
4172 0.698
4173 0.698
4174 0.698
4175 0.698
4176 0.698
4177 0.698
4178 0.698
4179 0.698
4180 0.698
4181 0.698
4182 0.698
4183 0.698
4184 0.698
4185 0.698
4186 0.698
4187 0.698
4188 0.698
4189 0.698
4190 0.698
4191 0.698
4192 0.698
4193 0.698
4194 0.698
4195 0.698
4196 0.698
4197 0.698
4198 0.698
4199 0.698
4200 0.698
4201 0.698
4202 0.698
4203 0.698
4204 0.698
4205 0.698
4206 0.698
4207 0.698
4208 0.698
4209 0.698
4210 0.698
4211 0.698
4212 0.698
4213 0.698
4214 0.698
4215 0.698
4216 0.698
4217 0.698
4218 0.698
4219 0.698
4220 0.698
4221 0.698
4222 0.698
4223 0.698
4224 0.698
4225 0.698
4226 0.698
4227 0.698
4228 0.698
4229 0.698
4230 0.698
4231 0.698
4232 0.698
4233 0.698
4234 0.698
4235 0.698
4236 0.698
4237 0.698
4238 0.698
4239 0.698
4240 0.698
4241 0.698
4242 0.698
4243 0.698
4244 0.698
4245 0.698
4246 0.698
4247 0.698
4248 0.698
4249 0.698
4250 0.698
4251 0.698
4252 0.698
4253 0.698
4254 0.698
4255 0.698
4256 0.698
4257 0.698
4258 0.698
4259 0.698
4260 0.698
4261 0.698
4262 0.698
4263 0.698
4264 0.698
4265 0.698
4266 0.698
4267 0.698
4268 0.698
4269 0.698
4270 0.698
4271 0.698
4272 0.698
4273 0.698
4274 0.698
4275 0.698
4276 0.698
4277 0.698
4278 0.698
4279 0.698
4280 0.698
4281 0.698
4282 0.698
4283 0.698
4284 0.698
4285 0.698
4286 0.698
4287 0.698
4288 0.698
4289 0.698
4290 0.698
4291 0.698
4292 0.698
4293 0.698
4294 0.698
4295 0.698
4296 0.698
4297 0.698
4298 0.698
4299 0.698
4300 0.698
4301 0.698
4302 0.698
4303 0.698
4304 0.698
4305 0.698
4306 0.698
4307 0.698
4308 0.698
4309 0.698
4310 0.698
4311 0.698
4312 0.698
4313 0.698
4314 0.698
4315 0.698
4316 0.698
4317 0.698
4318 0.698
4319 0.698
4320 0.698
4321 0.698
4322 0.698
4323 0.698
4324 0.698
4325 0.698
4326 0.698
4327 0.698
4328 0.698
4329 0.698
4330 0.698
4331 0.698
4332 0.698
4333 0.698
4334 0.698
4335 0.698
4336 0.698
4337 0.698
4338 0.698
4339 0.698
4340 0.698
4341 0.698
4342 0.698
4343 0.698
4344 0.698
4345 0.698
4346 0.698
4347 0.698
4348 0.698
4349 0.698
4350 0.698
4351 0.698
4352 0.698
4353 0.698
4354 0.698
4355 0.698
4356 0.698
4357 0.698
4358 0.698
4359 0.698
4360 0.698
4361 0.698
4362 0.698
4363 0.698
4364 0.698
4365 0.698
4366 0.698
4367 0.698
4368 0.698
4369 0.698
4370 0.698
4371 0.698
4372 0.698
4373 0.698
4374 0.698
4375 0.698
4376 0.698
4377 0.698
4378 0.698
4379 0.698
4380 0.698
4381 0.698
4382 0.698
4383 0.698
4384 0.698
4385 0.698
4386 0.698
4387 0.698
4388 0.698
4389 0.698
4390 0.698
4391 0.698
4392 0.698
4393 0.698
4394 0.698
4395 0.698
4396 0.698
4397 0.698
4398 0.698
4399 0.698
4400 0.698
4401 0.698
4402 0.698
4403 0.698
4404 0.698
4405 0.698
4406 0.698
4407 0.698
4408 0.698
4409 0.698
4410 0.698
4411 0.698
4412 0.698
4413 0.698
4414 0.698
4415 0.698
4416 0.698
4417 0.698
4418 0.698
4419 0.698
4420 0.698
4421 0.698
4422 0.698
4423 0.698
4424 0.698
4425 0.698
4426 0.698
4427 0.698
4428 0.698
4429 0.698
4430 0.698
4431 0.698
4432 0.698
4433 0.698
4434 0.698
4435 0.698
4436 0.698
4437 0.698
4438 0.698
4439 0.698
4440 0.698
4441 0.698
4442 0.698
4443 0.698
4444 0.698
4445 0.698
4446 0.698
4447 0.698
4448 0.698
4449 0.698
4450 0.698
4451 0.698
4452 0.698
4453 0.698
4454 0.698
4455 0.698
4456 0.698
4457 0.698
4458 0.698
4459 0.698
4460 0.698
4461 0.698
4462 0.698
4463 0.698
4464 0.698
4465 0.698
4466 0.698
4467 0.698
4468 0.698
4469 0.698
4470 0.698
4471 0.698
4472 0.698
4473 0.698
4474 0.698
4475 0.698
4476 0.698
4477 0.698
4478 0.698
4479 0.698
4480 0.698
4481 0.698
4482 0.698
4483 0.698
4484 0.698
4485 0.698
4486 0.698
4487 0.698
4488 0.698
4489 0.698
4490 0.698
4491 0.698
4492 0.698
4493 0.698
4494 0.698
4495 0.698
4496 0.698
4497 0.698
4498 0.698
4499 0.698
4500 0.698
4501 0.698
4502 0.698
4503 0.698
4504 0.698
4505 0.698
4506 0.698
4507 0.698
4508 0.698
4509 0.698
4510 0.698
4511 0.698
4512 0.698
4513 0.698
4514 0.698
4515 0.698
4516 0.698
4517 0.698
4518 0.698
4519 0.698
4520 0.698
4521 0.698
4522 0.698
4523 0.698
4524 0.698
4525 0.698
4526 0.698
4527 0.698
4528 0.698
4529 0.698
4530 0.698
4531 0.698
4532 0.698
4533 0.698
4534 0.698
4535 0.698
4536 0.698
4537 0.698
4538 0.698
4539 0.698
4540 0.698
4541 0.698
4542 0.698
4543 0.698
4544 0.698
4545 0.698
4546 0.698
4547 0.698
4548 0.698
4549 0.698
4550 0.698
4551 0.698
4552 0.698
4553 0.698
4554 0.698
4555 0.698
4556 0.698
4557 0.698
4558 0.698
4559 0.698
4560 0.698
4561 0.698
4562 0.698
4563 0.698
4564 0.698
4565 0.698
4566 0.698
4567 0.698
4568 0.698
4569 0.698
4570 0.698
4571 0.698
4572 0.698
4573 0.698
4574 0.698
4575 0.698
4576 0.698
4577 0.698
4578 0.698
4579 0.698
4580 0.698
4581 0.698
4582 0.698
4583 0.698
4584 0.698
4585 0.698
4586 0.698
4587 0.698
4588 0.698
4589 0.698
4590 0.698
4591 0.698
4592 0.698
4593 0.698
4594 0.698
4595 0.698
4596 0.698
4597 0.698
4598 0.698
4599 0.698
4600 0.698
4601 0.698
4602 0.698
4603 0.698
4604 0.698
4605 0.698
4606 0.698
4607 0.698
4608 0.698
4609 0.698
4610 0.698
4611 0.698
4612 0.698
4613 0.698
4614 0.698
4615 0.698
4616 0.698
4617 0.698
4618 0.698
4619 0.698
4620 0.698
4621 0.698
4622 0.698
4623 0.698
4624 0.698
4625 0.698
4626 0.698
4627 0.698
4628 0.698
4629 0.698
4630 0.698
4631 0.698
4632 0.698
4633 0.698
4634 0.698
4635 0.698
4636 0.698
4637 0.698
4638 0.698
4639 0.698
4640 0.698
4641 0.698
4642 0.698
4643 0.698
4644 0.698
4645 0.698
4646 0.698
4647 0.698
4648 0.698
4649 0.698
4650 0.698
4651 0.698
4652 0.698
4653 0.698
4654 0.698
4655 0.698
4656 0.698
4657 0.698
4658 0.698
4659 0.698
4660 0.698
4661 0.698
4662 0.698
4663 0.698
4664 0.698
4665 0.698
4666 0.698
4667 0.698
4668 0.698
4669 0.698
4670 0.698
4671 0.698
4672 0.698
4673 0.698
4674 0.698
4675 0.698
4676 0.698
4677 0.698
4678 0.698
4679 0.698
4680 0.698
4681 0.698
4682 0.698
4683 0.698
4684 0.698
4685 0.698
4686 0.698
4687 0.698
4688 0.698
4689 0.698
4690 0.698
4691 0.698
4692 0.698
4693 0.698
4694 0.698
4695 0.698
4696 0.698
4697 0.698
4698 0.698
4699 0.698
4700 0.698
4701 0.698
4702 0.698
4703 0.698
4704 0.698
4705 0.698
4706 0.698
4707 0.698
4708 0.698
4709 0.698
4710 0.698
4711 0.698
4712 0.698
4713 0.698
4714 0.698
4715 0.698
4716 0.698
4717 0.698
4718 0.698
4719 0.698
4720 0.698
4721 0.698
4722 0.698
4723 0.698
4724 0.698
4725 0.698
4726 0.698
4727 0.698
4728 0.698
4729 0.698
4730 0.698
4731 0.698
4732 0.698
4733 0.698
4734 0.698
4735 0.698
4736 0.698
4737 0.698
4738 0.698
4739 0.698
4740 0.698
4741 0.698
4742 0.698
4743 0.698
4744 0.698
4745 0.698
4746 0.698
4747 0.698
4748 0.698
4749 0.698
4750 0.698
4751 0.698
4752 0.698
4753 0.698
4754 0.698
4755 0.698
4756 0.698
4757 0.698
4758 0.698
4759 0.698
4760 0.698
4761 0.698
4762 0.698
4763 0.698
4764 0.698
4765 0.698
4766 0.698
4767 0.698
4768 0.698
4769 0.698
4770 0.698
4771 0.698
4772 0.698
4773 0.698
4774 0.698
4775 0.698
4776 0.698
4777 0.698
4778 0.698
4779 0.698
4780 0.698
4781 0.698
4782 0.698
4783 0.698
4784 0.698
4785 0.698
4786 0.698
4787 0.698
4788 0.698
4789 0.698
4790 0.698
4791 0.698
4792 0.698
4793 0.698
4794 0.698
4795 0.698
4796 0.698
4797 0.698
4798 0.698
4799 0.698
4800 0.698
4801 0.698
4802 0.698
4803 0.698
4804 0.698
4805 0.698
4806 0.698
4807 0.698
4808 0.698
4809 0.698
4810 0.698
4811 0.698
4812 0.698
4813 0.698
4814 0.698
4815 0.698
4816 0.698
4817 0.698
4818 0.698
4819 0.698
4820 0.698
4821 0.698
4822 0.698
4823 0.698
4824 0.698
4825 0.698
4826 0.698
4827 0.698
4828 0.698
4829 0.698
4830 0.698
4831 0.698
4832 0.698
4833 0.698
4834 0.698
4835 0.698
4836 0.698
4837 0.698
4838 0.698
4839 0.698
4840 0.698
4841 0.698
4842 0.698
4843 0.698
4844 0.698
4845 0.698
4846 0.698
4847 0.698
4848 0.698
4849 0.698
4850 0.698
4851 0.698
4852 0.698
4853 0.698
4854 0.698
4855 0.698
4856 0.698
4857 0.698
4858 0.698
4859 0.698
4860 0.698
4861 0.698
4862 0.698
4863 0.698
4864 0.698
4865 0.698
4866 0.698
4867 0.698
4868 0.698
4869 0.698
4870 0.698
4871 0.698
4872 0.698
4873 0.698
4874 0.698
4875 0.698
4876 0.698
4877 0.698
4878 0.698
4879 0.698
4880 0.698
4881 0.698
4882 0.698
4883 0.698
4884 0.698
4885 0.698
4886 0.698
4887 0.698
4888 0.698
4889 0.698
4890 0.698
4891 0.698
4892 0.698
4893 0.698
4894 0.698
4895 0.698
4896 0.698
4897 0.698
4898 0.698
4899 0.698
4900 0.698
4901 0.698
4902 0.698
4903 0.698
4904 0.698
4905 0.698
4906 0.698
4907 0.698
4908 0.698
4909 0.698
4910 0.698
4911 0.698
4912 0.698
4913 0.698
4914 0.698
4915 0.698
4916 0.698
4917 0.698
4918 0.698
4919 0.698
4920 0.698
4921 0.698
4922 0.698
4923 0.698
4924 0.698
4925 0.698
4926 0.698
4927 0.698
4928 0.698
4929 0.698
4930 0.698
4931 0.698
4932 0.698
4933 0.698
4934 0.698
4935 0.698
4936 0.698
4937 0.698
4938 0.698
4939 0.698
4940 0.698
4941 0.698
4942 0.698
4943 0.698
4944 0.698
4945 0.698
4946 0.698
4947 0.698
4948 0.698
4949 0.698
4950 0.698
4951 0.698
4952 0.698
4953 0.698
4954 0.698
4955 0.698
4956 0.698
4957 0.698
4958 0.698
4959 0.698
4960 0.698
4961 0.698
4962 0.698
4963 0.698
4964 0.698
4965 0.698
4966 0.698
4967 0.698
4968 0.698
4969 0.698
4970 0.698
4971 0.698
4972 0.698
4973 0.698
4974 0.698
4975 0.698
4976 0.698
4977 0.698
4978 0.698
4979 0.698
4980 0.698
4981 0.698
4982 0.698
4983 0.698
4984 0.698
4985 0.698
4986 0.698
4987 0.698
4988 0.698
4989 0.698
4990 0.698
4991 0.698
4992 0.698
4993 0.698
4994 0.698
4995 0.698
4996 0.698
4997 0.698
4998 0.698
4999 0.698
5000 0.698
5001 0.698
5002 0.698
5003 0.698
5004 0.698
5005 0.698
5006 0.698
5007 0.698
5008 0.698
5009 0.698
5010 0.698
5011 0.698
5012 0.698
5013 0.698
5014 0.698
5015 0.698
5016 0.698
5017 0.698
5018 0.698
5019 0.698
5020 0.698
5021 0.698
5022 0.698
5023 0.698
5024 0.698
5025 0.698
5026 0.698
5027 0.698
5028 0.698
5029 0.698
5030 0.698
5031 0.698
5032 0.698
5033 0.698
5034 0.698
5035 0.698
5036 0.698
5037 0.698
5038 0.698
5039 0.698
5040 0.698
5041 0.698
5042 0.698
5043 0.698
5044 0.698
5045 0.698
5046 0.698
5047 0.698
5048 0.698
5049 0.698
5050 0.698
5051 0.698
5052 0.698
5053 0.698
5054 0.698
5055 0.698
5056 0.698
5057 0.698
5058 0.698
5059 0.698
5060 0.698
5061 0.698
5062 0.698
5063 0.698
5064 0.698
5065 0.698
5066 0.698
5067 0.698
5068 0.698
5069 0.698
5070 0.698
5071 0.698
5072 0.698
5073 0.698
5074 0.698
5075 0.698
5076 0.698
5077 0.698
5078 0.698
5079 0.698
5080 0.698
5081 0.698
5082 0.698
5083 0.698
5084 0.698
5085 0.698
5086 0.698
5087 0.698
5088 0.698
5089 0.698
5090 0.698
5091 0.698
5092 0.698
5093 0.698
5094 0.698
5095 0.698
5096 0.698
5097 0.698
5098 0.698
5099 0.698
5100 0.698
5101 0.698
5102 0.698
5103 0.698
5104 0.698
5105 0.698
5106 0.698
5107 0.698
5108 0.698
5109 0.698
5110 0.698
5111 0.698
5112 0.698
5113 0.698
5114 0.698
5115 0.698
5116 0.698
5117 0.698
5118 0.698
5119 0.698
5120 0.698
5121 0.698
5122 0.698
5123 0.698
5124 0.698
