0 0.50604
1 0.50696
2 0.50788
3 0.5098
4 0.51
5 0.5106
6 0.5112
7 0.51224
8 0.51244
9 0.51312
10 0.51332
11 0.51352
12 0.51372
13 0.51392
14 0.51412
15 0.51432
16 0.51452
17 0.51468
18 0.51484
19 0.515
20 0.51516
21 0.51556
22 0.5158
23 0.516
24 0.5162
25 0.5164
26 0.5166
27 0.5168
28 0.51696
29 0.51712
30 0.51728
31 0.51744
32 0.5176
33 0.51776
34 0.51792
35 0.51824
36 0.5184
37 0.51856
38 0.51872
39 0.51888
40 0.51904
41 0.5192
42 0.51936
43 0.51952
44 0.51968
45 0.51984
46 0.52
47 0.52016
48 0.52032
49 0.52048
50 0.52064
51 0.5208
52 0.52096
53 0.52112
54 0.52128
55 0.52144
56 0.5216
57 0.52176
58 0.52192
59 0.52208
60 0.52224
61 0.5224
62 0.52256
63 0.52272
64 0.52288
65 0.52304
66 0.5232
67 0.52336
68 0.52352
69 0.52368
70 0.52384
71 0.524
72 0.52416
73 0.52432
74 0.52448
75 0.52464
76 0.5248
77 0.52496
78 0.52512
79 0.52528
80 0.52544
81 0.5256
82 0.52576
83 0.52592
84 0.52608
85 0.52624
86 0.5264
87 0.52656
88 0.52668
89 0.5268
90 0.52696
91 0.52708
92 0.5272
93 0.52732
94 0.52744
95 0.52756
96 0.52768
97 0.5278
98 0.52792
99 0.52804
100 0.52816
101 0.52828
102 0.5284
103 0.52852
104 0.52864
105 0.52876
106 0.52888
107 0.529
108 0.52912
109 0.52924
110 0.5294
111 0.52956
112 0.52972
113 0.52988
114 0.53012
115 0.53028
116 0.5304
117 0.53052
118 0.53064
119 0.53076
120 0.531
121 0.53112
122 0.53124
123 0.53136
124 0.53152
125 0.53164
126 0.53176
127 0.532
128 0.53212
129 0.53224
130 0.53236
131 0.53248
132 0.5326
133 0.53284
134 0.53296
135 0.53308
136 0.5332
137 0.53344
138 0.53356
139 0.53368
140 0.5338
141 0.53392
142 0.53404
143 0.53416
144 0.53428
145 0.5344
146 0.53452
147 0.53464
148 0.53476
149 0.53488
150 0.535
151 0.53512
152 0.53524
153 0.53536
154 0.53548
155 0.5356
156 0.53572
157 0.53584
158 0.53596
159 0.53608
160 0.5362
161 0.53632
162 0.53644
163 0.53656
164 0.53668
165 0.5368
166 0.53692
167 0.53704
168 0.53716
169 0.53728
170 0.5374
171 0.53752
172 0.53764
173 0.53776
174 0.53788
175 0.538
176 0.53812
177 0.53824
178 0.53836
179 0.53848
180 0.5386
181 0.53872
182 0.53884
183 0.53896
184 0.53908
185 0.5392
186 0.53932
187 0.53944
188 0.53956
189 0.53968
190 0.5398
191 0.53992
192 0.54004
193 0.54016
194 0.54028
195 0.5404
196 0.54052
197 0.54064
198 0.54076
199 0.54088
200 0.541
201 0.54112
202 0.54124
203 0.54148
204 0.54164
205 0.54176
206 0.54188
207 0.542
208 0.54212
209 0.54224
210 0.54236
211 0.54248
212 0.5426
213 0.54276
214 0.54288
215 0.543
216 0.54324
217 0.54336
218 0.54348
219 0.5436
220 0.54372
221 0.54384
222 0.54408
223 0.5442
224 0.54444
225 0.54456
226 0.54468
227 0.5448
228 0.54492
229 0.54504
230 0.54516
231 0.54528
232 0.5454
233 0.54552
234 0.54564
235 0.54576
236 0.54588
237 0.546
238 0.54612
239 0.54624
240 0.54636
241 0.54648
242 0.5468
243 0.54692
244 0.54704
245 0.54716
246 0.54728
247 0.5474
248 0.54752
249 0.54764
250 0.54776
251 0.54788
252 0.548
253 0.54812
254 0.54824
255 0.54836
256 0.54848
257 0.5486
258 0.54872
259 0.54884
260 0.54896
261 0.54908
262 0.5492
263 0.54932
264 0.54944
265 0.54956
266 0.54968
267 0.5498
268 0.54992
269 0.55004
270 0.55016
271 0.55028
272 0.5504
273 0.55052
274 0.55064
275 0.55076
276 0.55088
277 0.551
278 0.55112
279 0.55124
280 0.55136
281 0.55148
282 0.5516
283 0.55172
284 0.55184
285 0.55196
286 0.55208
287 0.5522
288 0.55232
289 0.55244
290 0.55256
291 0.55268
292 0.5528
293 0.55292
294 0.55304
295 0.55316
296 0.55328
297 0.5534
298 0.55352
299 0.55364
300 0.554
301 0.55416
302 0.55428
303 0.55444
304 0.55456
305 0.55468
306 0.5548
307 0.55512
308 0.55528
309 0.55552
310 0.55564
311 0.55576
312 0.55588
313 0.556
314 0.55612
315 0.55624
316 0.55636
317 0.55648
318 0.5566
319 0.55672
320 0.55708
321 0.5572
322 0.55732
323 0.55744
324 0.55756
325 0.55768
326 0.55792
327 0.55804
328 0.55816
329 0.55828
330 0.5584
331 0.55852
332 0.55864
333 0.55876
334 0.55896
335 0.55908
336 0.5592
337 0.55932
338 0.55944
339 0.55956
340 0.55968
341 0.5598
342 0.55992
343 0.56004
344 0.56016
345 0.56028
346 0.5604
347 0.56052
348 0.56064
349 0.56076
350 0.56088
351 0.561
352 0.56112
353 0.56124
354 0.56136
355 0.56148
356 0.5616
357 0.56172
358 0.56184
359 0.56196
360 0.56208
361 0.5622
362 0.56232
363 0.56244
364 0.56256
365 0.56268
366 0.5628
367 0.56292
368 0.56304
369 0.56316
370 0.56328
371 0.5634
372 0.56352
373 0.56364
374 0.56376
375 0.56388
376 0.564
377 0.56412
378 0.5642
379 0.56428
380 0.56436
381 0.56444
382 0.56452
383 0.56464
384 0.56472
385 0.5648
386 0.56488
387 0.56496
388 0.56504
389 0.56512
390 0.5652
391 0.56528
392 0.56536
393 0.56544
394 0.56552
395 0.5656
396 0.56568
397 0.56576
398 0.56584
399 0.56592
400 0.566
401 0.56608
402 0.5662
403 0.56628
404 0.5664
405 0.56648
406 0.5666
407 0.5668
408 0.56692
409 0.567
410 0.56708
411 0.56716
412 0.56724
413 0.56732
414 0.5674
415 0.56748
416 0.56756
417 0.56764
418 0.56784
419 0.56792
420 0.568
421 0.56808
422 0.5682
423 0.56828
424 0.56836
425 0.56844
426 0.56852
427 0.5686
428 0.56876
429 0.56884
430 0.569
431 0.56916
432 0.56924
433 0.56932
434 0.5694
435 0.56948
436 0.5696
437 0.56972
438 0.56984
439 0.56996
440 0.57004
441 0.57012
442 0.5702
443 0.57028
444 0.57036
445 0.57052
446 0.5706
447 0.57072
448 0.5708
449 0.57088
450 0.571
451 0.57108
452 0.5712
453 0.5714
454 0.57152
455 0.57164
456 0.57172
457 0.5718
458 0.57188
459 0.57196
460 0.57204
461 0.5722
462 0.57232
463 0.57244
464 0.57252
465 0.5726
466 0.57268
467 0.57276
468 0.57288
469 0.57296
470 0.57304
471 0.57312
472 0.57328
473 0.57336
474 0.57344
475 0.57364
476 0.57372
477 0.5738
478 0.57388
479 0.57404
480 0.57412
481 0.5742
482 0.57428
483 0.57436
484 0.57444
485 0.57452
486 0.5746
487 0.57468
488 0.57476
489 0.57484
490 0.57492
491 0.575
492 0.57508
493 0.57516
494 0.57524
495 0.57532
496 0.5754
497 0.57548
498 0.57556
499 0.57564
500 0.57572
501 0.5758
502 0.57592
503 0.576
504 0.57608
505 0.57616
506 0.57624
507 0.57632
508 0.5764
509 0.57652
510 0.5766
511 0.57668
512 0.57684
513 0.57692
514 0.57704
515 0.57712
516 0.5772
517 0.57736
518 0.57744
519 0.5776
520 0.57768
521 0.57776
522 0.57784
523 0.57796
524 0.57808
525 0.57816
526 0.57828
527 0.5784
528 0.57852
529 0.5786
530 0.57868
531 0.57876
532 0.57884
533 0.57892
534 0.57908
535 0.57916
536 0.57924
537 0.57932
538 0.5794
539 0.57948
540 0.57956
541 0.57964
542 0.57972
543 0.5798
544 0.57988
545 0.57996
546 0.58004
547 0.58016
548 0.58024
549 0.58032
550 0.5804
551 0.58048
552 0.58056
553 0.58064
554 0.58072
555 0.5808
556 0.58092
557 0.581
558 0.58108
559 0.5812
560 0.58128
561 0.58136
562 0.58144
563 0.58152
564 0.5816
565 0.58168
566 0.58176
567 0.58184
568 0.58192
569 0.582
570 0.58208
571 0.58216
572 0.58224
573 0.58232
574 0.5824
575 0.58248
576 0.58256
577 0.58264
578 0.58272
579 0.5828
580 0.58288
581 0.58296
582 0.58304
583 0.58316
584 0.58324
585 0.58332
586 0.58344
587 0.58352
588 0.5836
589 0.58368
590 0.58376
591 0.58384
592 0.58392
593 0.584
594 0.58408
595 0.58424
596 0.58432
597 0.58444
598 0.58456
599 0.58464
600 0.58472
601 0.5848
602 0.58488
603 0.5852
604 0.58532
605 0.5854
606 0.58548
607 0.58556
608 0.58568
609 0.58576
610 0.58584
611 0.58592
612 0.586
613 0.58612
614 0.5862
615 0.58628
616 0.58636
617 0.58648
618 0.58656
619 0.58664
620 0.58672
621 0.5868
622 0.58688
623 0.58696
624 0.58704
625 0.58712
626 0.5872
627 0.58728
628 0.58736
629 0.58744
630 0.58752
631 0.58764
632 0.58776
633 0.58784
634 0.58792
635 0.588
636 0.58808
637 0.58816
638 0.58828
639 0.58836
640 0.58844
641 0.58852
642 0.5886
643 0.58868
644 0.5888
645 0.58888
646 0.58928
647 0.58936
648 0.58944
649 0.58952
650 0.5896
651 0.58972
652 0.5898
653 0.58988
654 0.58996
655 0.59008
656 0.59016
657 0.59024
658 0.59032
659 0.5904
660 0.59048
661 0.59064
662 0.59072
663 0.59084
664 0.59092
665 0.59104
666 0.59116
667 0.59124
668 0.59132
669 0.5914
670 0.59148
671 0.59164
672 0.59172
673 0.59184
674 0.59192
675 0.59204
676 0.59212
677 0.5922
678 0.59236
679 0.59252
680 0.59264
681 0.59272
682 0.5928
683 0.59288
684 0.59296
685 0.59304
686 0.5932
687 0.59328
688 0.59336
689 0.59364
690 0.59372
691 0.5938
692 0.59388
693 0.59396
694 0.59404
695 0.59412
696 0.5942
697 0.59436
698 0.59444
699 0.59452
700 0.5946
701 0.59468
702 0.59476
703 0.59484
704 0.59492
705 0.59508
706 0.59524
707 0.59532
708 0.5954
709 0.59548
710 0.59556
711 0.59564
712 0.59572
713 0.5958
714 0.59596
715 0.59604
716 0.59612
717 0.59636
718 0.59644
719 0.59652
720 0.5966
721 0.59668
722 0.59684
723 0.59692
724 0.597
725 0.59708
726 0.59716
727 0.59732
728 0.5974
729 0.59748
730 0.59756
731 0.59764
732 0.59772
733 0.5978
734 0.59788
735 0.59796
736 0.59804
737 0.59812
738 0.5982
739 0.59828
740 0.59836
741 0.59844
742 0.59852
743 0.5986
744 0.59868
745 0.59876
746 0.59884
747 0.59892
748 0.599
749 0.59908
750 0.59916
751 0.59924
752 0.59932
753 0.5994
754 0.59948
755 0.59956
756 0.59964
757 0.59972
758 0.5998
759 0.59988
760 0.59996
761 0.60004
762 0.60012
763 0.6002
764 0.60028
765 0.60036
766 0.60044
767 0.60052
768 0.6006
769 0.60068
770 0.60076
771 0.60084
772 0.60092
773 0.601
774 0.60108
775 0.60116
776 0.60124
777 0.60132
778 0.6014
779 0.60148
780 0.60156
781 0.60164
782 0.60172
783 0.6018
784 0.60188
785 0.60196
786 0.60204
787 0.60212
788 0.6022
789 0.60228
790 0.60236
791 0.60244
792 0.60252
793 0.6026
794 0.60268
795 0.60276
796 0.60284
797 0.60292
798 0.603
799 0.60308
800 0.60316
801 0.60324
802 0.60332
803 0.6034
804 0.60348
805 0.60356
806 0.60364
807 0.60372
808 0.6038
809 0.60388
810 0.60404
811 0.60412
812 0.6042
813 0.60428
814 0.60436
815 0.60444
816 0.60452
817 0.6046
818 0.60468
819 0.60476
820 0.60484
821 0.60492
822 0.605
823 0.60508
824 0.60516
825 0.60524
826 0.60532
827 0.6054
828 0.60548
829 0.60556
830 0.60564
831 0.60576
832 0.60584
833 0.60592
834 0.606
835 0.60608
836 0.60616
837 0.60624
838 0.60632
839 0.6064
840 0.60648
841 0.60656
842 0.60664
843 0.60672
844 0.6068
845 0.60688
846 0.60696
847 0.60704
848 0.60712
849 0.6072
850 0.60728
851 0.60736
852 0.60744
853 0.60752
854 0.6076
855 0.60768
856 0.60776
857 0.60784
858 0.60792
859 0.608
860 0.60808
861 0.60816
862 0.60824
863 0.60832
864 0.6084
865 0.60848
866 0.60856
867 0.60864
868 0.60872
869 0.6088
870 0.60888
871 0.60896
872 0.60904
873 0.60912
874 0.6092
875 0.60928
876 0.60936
877 0.60944
878 0.60952
879 0.6096
880 0.60968
881 0.60976
882 0.60984
883 0.60992
884 0.61
885 0.61008
886 0.61016
887 0.61024
888 0.61032
889 0.6104
890 0.61048
891 0.61056
892 0.61064
893 0.61072
894 0.6108
895 0.61088
896 0.61096
897 0.61104
898 0.61112
899 0.6112
900 0.61128
901 0.61136
902 0.61144
903 0.61152
904 0.6116
905 0.61168
906 0.61176
907 0.61184
908 0.61192
909 0.612
910 0.61208
911 0.61216
912 0.61224
913 0.61248
914 0.61256
915 0.61264
916 0.61272
917 0.6128
918 0.61288
919 0.61296
920 0.61304
921 0.61312
922 0.6132
923 0.61328
924 0.61336
925 0.61344
926 0.61352
927 0.6136
928 0.61368
929 0.61376
930 0.61384
931 0.61392
932 0.614
933 0.61408
934 0.61416
935 0.61424
936 0.61432
937 0.6144
938 0.61448
939 0.61456
940 0.61464
941 0.61472
942 0.6148
943 0.61488
944 0.61496
945 0.61504
946 0.61512
947 0.6152
948 0.61528
949 0.61536
950 0.61544
951 0.61552
952 0.6156
953 0.61568
954 0.61576
955 0.61584
956 0.61592
957 0.616
958 0.61608
959 0.61616
960 0.61624
961 0.61632
962 0.6164
963 0.61648
964 0.61656
965 0.61664
966 0.61672
967 0.6168
968 0.61688
969 0.61696
970 0.61704
971 0.61712
972 0.6172
973 0.61728
974 0.61736
975 0.61744
976 0.61752
977 0.6176
978 0.61768
979 0.61776
980 0.61784
981 0.61792
982 0.618
983 0.61808
984 0.61816
985 0.61824
986 0.61832
987 0.6184
988 0.61848
989 0.61856
990 0.61864
991 0.61872
992 0.6188
993 0.61888
994 0.61896
995 0.61904
996 0.61912
997 0.6192
998 0.61928
999 0.61936
1000 0.61944
1001 0.61952
1002 0.6196
1003 0.61968
1004 0.61976
1005 0.61984
1006 0.61992
1007 0.62
1008 0.62008
1009 0.6202
1010 0.62032
1011 0.62044
1012 0.62052
1013 0.6206
1014 0.62072
1015 0.62084
1016 0.62092
1017 0.621
1018 0.62108
1019 0.62124
1020 0.62132
1021 0.6214
1022 0.62148
1023 0.62156
1024 0.62164
1025 0.62172
1026 0.6218
1027 0.62188
1028 0.62196
1029 0.62204
1030 0.62212
1031 0.6222
1032 0.62228
1033 0.62236
1034 0.62244
1035 0.62252
1036 0.6226
1037 0.62268
1038 0.62276
1039 0.62284
1040 0.62288
1041 0.62296
1042 0.623
1043 0.62304
1044 0.62308
1045 0.62312
1046 0.6232
1047 0.62324
1048 0.62328
1049 0.62332
1050 0.62336
1051 0.6234
1052 0.62344
1053 0.62348
1054 0.62356
1055 0.6236
1056 0.62364
1057 0.62368
1058 0.62376
1059 0.6238
1060 0.62384
1061 0.62392
1062 0.624
1063 0.62404
1064 0.62408
1065 0.62412
1066 0.62416
1067 0.6242
1068 0.62428
1069 0.62432
1070 0.62436
1071 0.6244
1072 0.62444
1073 0.62448
1074 0.62456
1075 0.62464
1076 0.62468
1077 0.62476
1078 0.62484
1079 0.62488
1080 0.62496
1081 0.62504
1082 0.62512
1083 0.62516
1084 0.62524
1085 0.62532
1086 0.62536
1087 0.62544
1088 0.62548
1089 0.62556
1090 0.6256
1091 0.62564
1092 0.62568
1093 0.62572
1094 0.62576
1095 0.6258
1096 0.62584
1097 0.62588
1098 0.62592
1099 0.62596
1100 0.626
1101 0.62604
1102 0.62612
1103 0.6262
1104 0.62624
1105 0.62632
1106 0.6264
1107 0.62648
1108 0.6266
1109 0.62668
1110 0.62676
1111 0.62684
1112 0.62688
1113 0.62692
1114 0.62696
1115 0.627
1116 0.62708
1117 0.62712
1118 0.6272
1119 0.62724
1120 0.62732
1121 0.62736
1122 0.6274
1123 0.62748
1124 0.62756
1125 0.62764
1126 0.62772
1127 0.6278
1128 0.62788
1129 0.62796
1130 0.628
1131 0.62808
1132 0.62812
1133 0.62816
1134 0.62824
1135 0.62832
1136 0.6284
1137 0.62848
1138 0.62856
1139 0.6286
1140 0.62872
1141 0.6288
1142 0.62888
1143 0.62896
1144 0.62904
1145 0.62908
1146 0.62916
1147 0.62924
1148 0.62936
1149 0.62944
1150 0.62956
1151 0.62964
1152 0.62972
1153 0.6298
1154 0.62984
1155 0.62992
1156 0.62996
1157 0.63004
1158 0.63012
1159 0.6302
1160 0.63024
1161 0.63028
1162 0.63032
1163 0.6304
1164 0.63044
1165 0.63052
1166 0.6306
1167 0.63068
1168 0.63076
1169 0.6308
1170 0.63088
1171 0.63096
1172 0.631
1173 0.63104
1174 0.63112
1175 0.6312
1176 0.63124
1177 0.63128
1178 0.63132
1179 0.63136
1180 0.6314
1181 0.63144
1182 0.63148
1183 0.63152
1184 0.6316
1185 0.63164
1186 0.63168
1187 0.63172
1188 0.6318
1189 0.63184
1190 0.63192
1191 0.63196
1192 0.63204
1193 0.63212
1194 0.6322
1195 0.63232
1196 0.6324
1197 0.63244
1198 0.63248
1199 0.63252
1200 0.63272
1201 0.6328
1202 0.63288
1203 0.63296
1204 0.63304
1205 0.63312
1206 0.6332
1207 0.63328
1208 0.63336
1209 0.6334
1210 0.63348
1211 0.63352
1212 0.6336
1213 0.63368
1214 0.63376
1215 0.6338
1216 0.63384
1217 0.63392
1218 0.63396
1219 0.634
1220 0.63412
1221 0.6342
1222 0.63424
1223 0.63432
1224 0.63436
1225 0.6344
1226 0.63444
1227 0.63452
1228 0.6346
1229 0.63468
1230 0.63476
1231 0.63484
1232 0.63488
1233 0.63496
1234 0.635
1235 0.63504
1236 0.63512
1237 0.63516
1238 0.63524
1239 0.63532
1240 0.6354
1241 0.63548
1242 0.63556
1243 0.6356
1244 0.63568
1245 0.63576
1246 0.6358
1247 0.63588
1248 0.63592
1249 0.63596
1250 0.63604
1251 0.63608
1252 0.63616
1253 0.63628
1254 0.63632
1255 0.6364
1256 0.63644
1257 0.63648
1258 0.63652
1259 0.63656
1260 0.63664
1261 0.63676
1262 0.63684
1263 0.63692
1264 0.637
1265 0.63708
1266 0.63712
1267 0.63716
1268 0.6372
1269 0.63728
1270 0.63736
1271 0.6374
1272 0.63744
1273 0.63752
1274 0.6376
1275 0.63764
1276 0.63768
1277 0.63776
1278 0.63784
1279 0.63788
1280 0.63792
1281 0.638
1282 0.63808
1283 0.63816
1284 0.6382
1285 0.63824
1286 0.63832
1287 0.63836
1288 0.6384
1289 0.63848
1290 0.63852
1291 0.6386
1292 0.63872
1293 0.63876
1294 0.63884
1295 0.63888
1296 0.63892
1297 0.63896
1298 0.639
1299 0.63904
1300 0.63908
1301 0.63912
1302 0.63924
1303 0.63932
1304 0.63944
1305 0.63956
1306 0.63968
1307 0.63976
1308 0.63988
1309 0.63996
1310 0.64004
1311 0.64008
1312 0.64012
1313 0.6402
1314 0.64032
1315 0.64036
1316 0.6404
1317 0.64044
1318 0.64052
1319 0.6406
1320 0.64068
1321 0.64072
1322 0.6408
1323 0.64084
1324 0.64092
1325 0.64096
1326 0.641
1327 0.64104
1328 0.64112
1329 0.6412
1330 0.64128
1331 0.64132
1332 0.64136
1333 0.6414
1334 0.64144
1335 0.64152
1336 0.64156
1337 0.64164
1338 0.64168
1339 0.64172
1340 0.64176
1341 0.6418
1342 0.64188
1343 0.64196
1344 0.642
1345 0.64204
1346 0.64208
1347 0.64212
1348 0.64216
1349 0.6422
1350 0.64228
1351 0.64232
1352 0.64236
1353 0.64244
1354 0.64248
1355 0.64252
1356 0.64256
1357 0.64264
1358 0.64276
1359 0.6428
1360 0.64284
1361 0.64288
1362 0.64296
1363 0.643
1364 0.64304
1365 0.64308
1366 0.64316
1367 0.6432
1368 0.64324
1369 0.64328
1370 0.64336
1371 0.6434
1372 0.64348
1373 0.64352
1374 0.6436
1375 0.64364
1376 0.64372
1377 0.64376
1378 0.6438
1379 0.64384
1380 0.64388
1381 0.64396
1382 0.644
1383 0.64404
1384 0.64412
1385 0.6442
1386 0.64424
1387 0.64428
1388 0.64432
1389 0.64436
1390 0.64444
1391 0.64448
1392 0.64456
1393 0.64464
1394 0.64468
1395 0.64472
1396 0.64476
1397 0.6448
1398 0.64484
1399 0.64488
1400 0.64492
1401 0.64496
1402 0.645
1403 0.64508
1404 0.64516
1405 0.64524
1406 0.64528
1407 0.64532
1408 0.64536
1409 0.6454
1410 0.64548
1411 0.64556
1412 0.64564
1413 0.64568
1414 0.64576
1415 0.6458
1416 0.64592
1417 0.646
1418 0.64604
1419 0.64608
1420 0.64612
1421 0.64616
1422 0.6462
1423 0.64628
1424 0.64632
1425 0.6464
1426 0.64644
1427 0.64652
1428 0.64656
1429 0.64664
1430 0.64672
1431 0.6468
1432 0.64684
1433 0.64688
1434 0.64692
1435 0.647
1436 0.64704
1437 0.64708
1438 0.64712
1439 0.6472
1440 0.64724
1441 0.64728
1442 0.64732
1443 0.6474
1444 0.64748
1445 0.64756
1446 0.6476
1447 0.64764
1448 0.64772
1449 0.64776
1450 0.64784
1451 0.64792
1452 0.64796
1453 0.648
1454 0.64804
1455 0.64808
1456 0.64812
1457 0.64816
1458 0.6482
1459 0.64824
1460 0.64828
1461 0.64832
1462 0.64836
1463 0.6484
1464 0.64844
1465 0.64848
1466 0.64856
1467 0.6486
1468 0.64864
1469 0.64868
1470 0.64872
1471 0.64876
1472 0.6488
1473 0.64884
1474 0.64888
1475 0.64892
1476 0.64896
1477 0.649
1478 0.64904
1479 0.64908
1480 0.64912
1481 0.64916
1482 0.6492
1483 0.64924
1484 0.64928
1485 0.64932
1486 0.64936
1487 0.6494
1488 0.64944
1489 0.64948
1490 0.64952
1491 0.64956
1492 0.6496
1493 0.64964
1494 0.64968
1495 0.64976
1496 0.64984
1497 0.64988
1498 0.64992
1499 0.64996
1500 0.65
1501 0.65004
1502 0.65008
1503 0.65016
1504 0.65024
1505 0.65028
1506 0.65036
1507 0.6504
1508 0.65048
1509 0.65052
1510 0.65056
1511 0.6506
1512 0.65064
1513 0.65068
1514 0.65072
1515 0.65076
1516 0.6508
1517 0.65084
1518 0.65088
1519 0.65092
1520 0.65096
1521 0.651
1522 0.65104
1523 0.65108
1524 0.65116
1525 0.6512
1526 0.65124
1527 0.65132
1528 0.65136
1529 0.6514
1530 0.65148
1531 0.65156
1532 0.65164
1533 0.65168
1534 0.65172
1535 0.6518
1536 0.65188
1537 0.65192
1538 0.65196
1539 0.652
1540 0.65204
1541 0.65212
1542 0.65216
1543 0.6522
1544 0.65224
1545 0.65228
1546 0.65236
1547 0.6524
1548 0.65244
1549 0.65248
1550 0.65252
1551 0.65256
1552 0.6526
1553 0.65264
1554 0.65268
1555 0.65272
1556 0.65276
1557 0.6528
1558 0.65284
1559 0.65288
1560 0.65292
1561 0.65296
1562 0.653
1563 0.65304
1564 0.65308
1565 0.65312
1566 0.65316
1567 0.6532
1568 0.65324
1569 0.65328
1570 0.65336
1571 0.6534
1572 0.65344
1573 0.65348
1574 0.65352
1575 0.65356
1576 0.6536
1577 0.65364
1578 0.65368
1579 0.65376
1580 0.6538
1581 0.65384
1582 0.65388
1583 0.65392
1584 0.65396
1585 0.654
1586 0.65404
1587 0.65412
1588 0.65416
1589 0.6542
1590 0.65424
1591 0.65428
1592 0.65432
1593 0.65436
1594 0.6544
1595 0.65444
1596 0.65448
1597 0.65452
1598 0.6546
1599 0.65464
1600 0.65496
1601 0.65508
1602 0.65516
1603 0.65524
1604 0.65532
1605 0.6554
1606 0.65544
1607 0.65552
1608 0.65564
1609 0.65572
1610 0.65576
1611 0.6558
1612 0.65584
1613 0.65588
1614 0.65592
1615 0.65596
1616 0.656
1617 0.65604
1618 0.65608
1619 0.65612
1620 0.65616
1621 0.6562
1622 0.65624
1623 0.65628
1624 0.65632
1625 0.65636
1626 0.6564
1627 0.65644
1628 0.65648
1629 0.65652
1630 0.65656
1631 0.6566
1632 0.65668
1633 0.65672
1634 0.65676
1635 0.6568
1636 0.65684
1637 0.65688
1638 0.65692
1639 0.65696
1640 0.657
1641 0.65704
1642 0.65708
1643 0.65712
1644 0.65716
1645 0.6572
1646 0.65724
1647 0.65728
1648 0.65732
1649 0.65736
1650 0.6574
1651 0.65748
1652 0.65752
1653 0.65756
1654 0.6576
1655 0.65764
1656 0.65772
1657 0.6578
1658 0.65784
1659 0.65788
1660 0.65792
1661 0.65796
1662 0.658
1663 0.65804
1664 0.65808
1665 0.65812
1666 0.65816
1667 0.6582
1668 0.65824
1669 0.65828
1670 0.65832
1671 0.65836
1672 0.6584
1673 0.65844
1674 0.65848
1675 0.65852
1676 0.65856
1677 0.6586
1678 0.65864
1679 0.65868
1680 0.65872
1681 0.65876
1682 0.6588
1683 0.65884
1684 0.65888
1685 0.65892
1686 0.65896
1687 0.659
1688 0.65908
1689 0.65912
1690 0.65916
1691 0.6592
1692 0.65924
1693 0.65932
1694 0.65936
1695 0.6594
1696 0.65944
1697 0.65948
1698 0.65952
1699 0.65956
1700 0.6596
1701 0.65964
1702 0.65972
1703 0.65976
1704 0.6598
1705 0.65984
1706 0.65988
1707 0.66
1708 0.66004
1709 0.66008
1710 0.66012
1711 0.66016
1712 0.66024
1713 0.66028
1714 0.66036
1715 0.6604
1716 0.66044
1717 0.66048
1718 0.66056
1719 0.6606
1720 0.66064
1721 0.66068
1722 0.66072
1723 0.66076
1724 0.6608
1725 0.66084
1726 0.66088
1727 0.66092
1728 0.66096
1729 0.661
1730 0.66104
1731 0.66108
1732 0.66112
1733 0.66116
1734 0.6612
1735 0.66124
1736 0.66128
1737 0.66132
1738 0.66136
1739 0.6614
1740 0.66144
1741 0.66148
1742 0.66152
1743 0.66156
1744 0.6616
1745 0.66164
1746 0.66168
1747 0.66172
1748 0.66176
1749 0.6618
1750 0.66184
1751 0.66188
1752 0.66192
1753 0.66196
1754 0.662
1755 0.66208
1756 0.66212
1757 0.66216
1758 0.6622
1759 0.66224
1760 0.66228
1761 0.66232
1762 0.66236
1763 0.6624
1764 0.66244
1765 0.66248
1766 0.66252
1767 0.66256
1768 0.66264
1769 0.66268
1770 0.66272
1771 0.66276
1772 0.6628
1773 0.66284
1774 0.66288
1775 0.66292
1776 0.66296
1777 0.663
1778 0.66304
1779 0.66308
1780 0.66312
1781 0.66316
1782 0.6632
1783 0.66324
1784 0.66328
1785 0.66332
1786 0.66336
1787 0.6634
1788 0.66344
1789 0.66348
1790 0.66352
1791 0.66356
1792 0.6636
1793 0.66364
1794 0.66368
1795 0.66372
1796 0.66376
1797 0.6638
1798 0.66384
1799 0.66388
1800 0.66392
1801 0.664
1802 0.66404
1803 0.66408
1804 0.66416
1805 0.66424
1806 0.66428
1807 0.66436
1808 0.6644
1809 0.66444
1810 0.66452
1811 0.66456
1812 0.6646
1813 0.66464
1814 0.66472
1815 0.66476
1816 0.6648
1817 0.66492
1818 0.66496
1819 0.66504
1820 0.66508
1821 0.66512
1822 0.66516
1823 0.66524
1824 0.66528
1825 0.66532
1826 0.66536
1827 0.6654
1828 0.66544
1829 0.66552
1830 0.66556
1831 0.6656
1832 0.66564
1833 0.66568
1834 0.66572
1835 0.66576
1836 0.6658
1837 0.66584
1838 0.66588
1839 0.66592
1840 0.666
1841 0.66604
1842 0.66608
1843 0.66612
1844 0.66616
1845 0.6662
1846 0.66624
1847 0.66628
1848 0.66632
1849 0.66636
1850 0.6664
1851 0.66644
1852 0.66648
1853 0.66652
1854 0.66656
1855 0.6666
1856 0.66664
1857 0.66668
1858 0.66672
1859 0.66676
1860 0.6668
1861 0.66684
1862 0.66688
1863 0.66692
1864 0.66696
1865 0.667
1866 0.66704
1867 0.66708
1868 0.66712
1869 0.66716
1870 0.6672
1871 0.66724
1872 0.66728
1873 0.66732
1874 0.66736
1875 0.6674
1876 0.66744
1877 0.66748
1878 0.66752
1879 0.66756
1880 0.6676
1881 0.66764
1882 0.66768
1883 0.66772
1884 0.66776
1885 0.6678
1886 0.66784
1887 0.66788
1888 0.66792
1889 0.66796
1890 0.668
1891 0.66804
1892 0.66808
1893 0.66812
1894 0.66816
1895 0.6682
1896 0.66824
1897 0.66828
1898 0.66832
1899 0.6684
1900 0.66844
1901 0.66848
1902 0.66856
1903 0.66864
1904 0.66872
1905 0.66876
1906 0.6688
1907 0.66884
1908 0.66888
1909 0.66892
1910 0.66896
1911 0.669
1912 0.66904
1913 0.66908
1914 0.66912
1915 0.66916
1916 0.66924
1917 0.66928
1918 0.66932
1919 0.66936
1920 0.66948
1921 0.66952
1922 0.66956
1923 0.66964
1924 0.66968
1925 0.66972
1926 0.6698
1927 0.66984
1928 0.66988
1929 0.67
1930 0.67004
1931 0.67008
1932 0.67012
1933 0.67016
1934 0.6702
1935 0.67028
1936 0.67032
1937 0.6704
1938 0.67044
1939 0.67048
1940 0.67052
1941 0.67056
1942 0.6706
1943 0.67064
1944 0.67076
1945 0.6708
1946 0.67084
1947 0.67088
1948 0.67092
1949 0.671
1950 0.67104
1951 0.67112
1952 0.67116
1953 0.6712
1954 0.67124
1955 0.67128
1956 0.67132
1957 0.67136
1958 0.6714
1959 0.67144
1960 0.67148
1961 0.67152
1962 0.67156
1963 0.6716
1964 0.67164
1965 0.67168
1966 0.67172
1967 0.67176
1968 0.6718
1969 0.67184
1970 0.67188
1971 0.67192
1972 0.67196
1973 0.672
1974 0.67204
1975 0.67208
1976 0.67212
1977 0.67216
1978 0.6722
1979 0.67224
1980 0.67232
1981 0.67236
1982 0.6724
1983 0.67244
1984 0.67248
1985 0.67252
1986 0.67256
1987 0.6726
1988 0.67264
1989 0.67268
1990 0.67272
1991 0.67276
1992 0.6728
1993 0.67284
1994 0.67288
1995 0.67292
1996 0.67296
1997 0.673
1998 0.67304
1999 0.67308
2000 0.67312
2001 0.67316
2002 0.6732
2003 0.67324
2004 0.67328
2005 0.67332
2006 0.6734
2007 0.67344
2008 0.67348
2009 0.67352
2010 0.67356
2011 0.6736
2012 0.67364
2013 0.67368
2014 0.67372
2015 0.67376
2016 0.6738
2017 0.67384
2018 0.67388
2019 0.67392
2020 0.67396
2021 0.67404
2022 0.67408
2023 0.67412
2024 0.67416
2025 0.6742
2026 0.67424
2027 0.67428
2028 0.67432
2029 0.67436
2030 0.67444
2031 0.67448
2032 0.67452
2033 0.67456
2034 0.6746
2035 0.67464
2036 0.67468
2037 0.67472
2038 0.67476
2039 0.6748
2040 0.67484
2041 0.67488
2042 0.67492
2043 0.67496
2044 0.675
2045 0.67504
2046 0.67508
2047 0.67512
2048 0.6752
2049 0.67524
2050 0.67528
2051 0.67532
2052 0.67536
2053 0.6754
2054 0.67544
2055 0.67548
2056 0.67552
2057 0.67556
2058 0.6756
2059 0.67564
2060 0.67568
2061 0.67572
2062 0.67576
2063 0.6758
2064 0.67584
2065 0.67588
2066 0.67592
2067 0.67596
2068 0.676
2069 0.67604
2070 0.67608
2071 0.67612
2072 0.67616
2073 0.6762
2074 0.67624
2075 0.67628
2076 0.67632
2077 0.67636
2078 0.6764
2079 0.67644
2080 0.67648
2081 0.67652
2082 0.67656
2083 0.6766
2084 0.67664
2085 0.67668
2086 0.67672
2087 0.67676
2088 0.6768
2089 0.67684
2090 0.67688
2091 0.67692
2092 0.67696
2093 0.677
2094 0.67704
2095 0.67708
2096 0.67712
2097 0.67716
2098 0.6772
2099 0.67724
2100 0.67728
2101 0.67732
2102 0.6774
2103 0.67748
2104 0.67752
2105 0.67756
2106 0.6776
2107 0.67764
2108 0.67768
2109 0.67772
2110 0.67776
2111 0.6778
2112 0.67788
2113 0.67792
2114 0.67796
2115 0.678
2116 0.67804
2117 0.67808
2118 0.67812
2119 0.67816
2120 0.6782
2121 0.67824
2122 0.67828
2123 0.67832
2124 0.67836
2125 0.6784
2126 0.67844
2127 0.67848
2128 0.67852
2129 0.67856
2130 0.6786
2131 0.67864
2132 0.67868
2133 0.67872
2134 0.67876
2135 0.6788
2136 0.67884
2137 0.67888
2138 0.67892
2139 0.67896
2140 0.679
2141 0.67904
2142 0.67908
2143 0.67912
2144 0.67916
2145 0.6792
2146 0.67924
2147 0.67928
2148 0.67932
2149 0.67936
2150 0.6794
2151 0.67944
2152 0.67948
2153 0.67952
2154 0.67956
2155 0.6796
2156 0.67964
2157 0.67968
2158 0.67972
2159 0.67976
2160 0.6798
2161 0.67984
2162 0.67988
2163 0.67992
2164 0.67996
2165 0.68
2166 0.68004
2167 0.68008
2168 0.68012
2169 0.68016
2170 0.6802
2171 0.68024
2172 0.68028
2173 0.68032
2174 0.68036
2175 0.6804
2176 0.68044
2177 0.68048
2178 0.68052
2179 0.68056
2180 0.6806
2181 0.68064
2182 0.68068
2183 0.68072
2184 0.68076
2185 0.6808
2186 0.68084
2187 0.68088
2188 0.68092
2189 0.68096
2190 0.681
2191 0.68104
2192 0.68108
2193 0.68112
2194 0.68116
2195 0.6812
2196 0.68124
2197 0.68128
2198 0.68132
2199 0.68136
2200 0.6814
2201 0.68144
2202 0.68148
2203 0.68152
2204 0.68156
2205 0.6816
2206 0.68164
2207 0.68168
2208 0.68176
2209 0.6818
2210 0.68184
2211 0.68188
2212 0.68192
2213 0.68196
2214 0.682
2215 0.68204
2216 0.68208
2217 0.68212
2218 0.68216
2219 0.68216
2220 0.68216
2221 0.68216
2222 0.68216
2223 0.68216
2224 0.68216
2225 0.68216
2226 0.68216
2227 0.68216
2228 0.68216
2229 0.68216
2230 0.68216
2231 0.68216
2232 0.68216
2233 0.68216
2234 0.68216
2235 0.68216
2236 0.68216
2237 0.68216
2238 0.68216
2239 0.68216
2240 0.68216
2241 0.68216
2242 0.68216
2243 0.68216
2244 0.68216
2245 0.68216
2246 0.68216
2247 0.68216
2248 0.68216
2249 0.68216
2250 0.68216
2251 0.68216
2252 0.68216
2253 0.68216
2254 0.68216
2255 0.68216
2256 0.68216
2257 0.68216
2258 0.68216
2259 0.68216
2260 0.68216
2261 0.68216
2262 0.68216
2263 0.68216
2264 0.68216
2265 0.68216
2266 0.68216
2267 0.68216
2268 0.68216
2269 0.68216
2270 0.68216
2271 0.68216
2272 0.68216
2273 0.68216
2274 0.68216
2275 0.68216
2276 0.68216
2277 0.68216
2278 0.68216
2279 0.68216
2280 0.68216
2281 0.68216
2282 0.68216
2283 0.68216
2284 0.68216
2285 0.68216
2286 0.68216
2287 0.68216
2288 0.68216
2289 0.68216
2290 0.68216
2291 0.68216
2292 0.68216
2293 0.68216
2294 0.68216
2295 0.68216
2296 0.68216
2297 0.68216
2298 0.68216
2299 0.68216
2300 0.68216
2301 0.6822
2302 0.68224
2303 0.68228
2304 0.68232
2305 0.68232
2306 0.68232
2307 0.68232
2308 0.68232
2309 0.68232
2310 0.68232
2311 0.68232
2312 0.68232
2313 0.68232
2314 0.68232
2315 0.68232
2316 0.68232
2317 0.68232
2318 0.68232
2319 0.68232
2320 0.68232
2321 0.68232
2322 0.68232
2323 0.68232
2324 0.68232
2325 0.68232
2326 0.68232
2327 0.68232
2328 0.68232
2329 0.68232
2330 0.68232
2331 0.68232
2332 0.68232
2333 0.68232
2334 0.68232
2335 0.68232
2336 0.68232
2337 0.68232
2338 0.68232
2339 0.68232
2340 0.68232
2341 0.68232
2342 0.68232
2343 0.68232
2344 0.68232
2345 0.68232
2346 0.68232
2347 0.68232
2348 0.68232
2349 0.68232
2350 0.68232
2351 0.68232
2352 0.68232
2353 0.68232
2354 0.68232
2355 0.68232
2356 0.68232
2357 0.68232
2358 0.68232
2359 0.68232
2360 0.68232
2361 0.68232
2362 0.68232
2363 0.68232
2364 0.68232
2365 0.68232
2366 0.68232
2367 0.68232
2368 0.68232
2369 0.68232
2370 0.68232
2371 0.68232
2372 0.68232
2373 0.68232
2374 0.68232
2375 0.68232
2376 0.68232
2377 0.68232
2378 0.68232
2379 0.68232
2380 0.68232
2381 0.68232
2382 0.68232
2383 0.68232
2384 0.68232
2385 0.68232
2386 0.68232
2387 0.68232
2388 0.68232
2389 0.68232
2390 0.68232
2391 0.68232
2392 0.68232
2393 0.68232
2394 0.68232
2395 0.68232
2396 0.68232
2397 0.68232
2398 0.68232
2399 0.68232
2400 0.68232
2401 0.68236
2402 0.68236
2403 0.68236
2404 0.6824
2405 0.68244
2406 0.68248
2407 0.68252
2408 0.68252
2409 0.68256
2410 0.68256
2411 0.68256
2412 0.68256
2413 0.68256
2414 0.68256
2415 0.68256
2416 0.68256
2417 0.68256
2418 0.68256
2419 0.68256
2420 0.68256
2421 0.68256
2422 0.68256
2423 0.68256
2424 0.68256
2425 0.68256
2426 0.68256
2427 0.68256
2428 0.68256
2429 0.68256
2430 0.68256
2431 0.68256
2432 0.68256
2433 0.68256
2434 0.68256
2435 0.68256
2436 0.68256
2437 0.68256
2438 0.68256
2439 0.68256
2440 0.68256
2441 0.68256
2442 0.68256
2443 0.68256
2444 0.68256
2445 0.68256
2446 0.68256
2447 0.68256
2448 0.68256
2449 0.68256
2450 0.68256
2451 0.68256
2452 0.68256
2453 0.68256
2454 0.68256
2455 0.68256
2456 0.68256
2457 0.68256
2458 0.68256
2459 0.68256
2460 0.68256
2461 0.68256
2462 0.68256
2463 0.68256
2464 0.68256
2465 0.68256
2466 0.68256
2467 0.68256
2468 0.68256
2469 0.68256
2470 0.68256
2471 0.68256
2472 0.68256
2473 0.68256
2474 0.68256
2475 0.68256
2476 0.68256
2477 0.68256
2478 0.68256
2479 0.68256
2480 0.68256
2481 0.68256
2482 0.68256
2483 0.68256
2484 0.68256
2485 0.68256
2486 0.68256
2487 0.68256
2488 0.68256
2489 0.68256
2490 0.68256
2491 0.68256
2492 0.68256
2493 0.68256
2494 0.68256
2495 0.68256
2496 0.68256
2497 0.68256
2498 0.68256
2499 0.68256
2500 0.68256
2501 0.6826
2502 0.6826
2503 0.6826
2504 0.68264
2505 0.68264
2506 0.68264
2507 0.68264
2508 0.68264
2509 0.68264
2510 0.68264
2511 0.68264
2512 0.68264
2513 0.68264
2514 0.68264
2515 0.68264
2516 0.68264
2517 0.68264
2518 0.68264
2519 0.68264
2520 0.68264
2521 0.68264
2522 0.68264
2523 0.68264
2524 0.68264
2525 0.68264
2526 0.68264
2527 0.68264
2528 0.68264
2529 0.68264
2530 0.68264
2531 0.68264
2532 0.68264
2533 0.68264
2534 0.68264
2535 0.68264
2536 0.68264
2537 0.68264
2538 0.68264
2539 0.68264
2540 0.68264
2541 0.68264
2542 0.68264
2543 0.68264
2544 0.68264
2545 0.68264
2546 0.68264
2547 0.68264
2548 0.68264
2549 0.68264
2550 0.68264
2551 0.68264
2552 0.68264
2553 0.68264
2554 0.68264
2555 0.68264
2556 0.68264
2557 0.68264
2558 0.68264
2559 0.68264
2560 0.68264
2561 0.68264
2562 0.68264
2563 0.68264
2564 0.68264
2565 0.68264
2566 0.68264
2567 0.68264
2568 0.68264
2569 0.68264
2570 0.68264
2571 0.68264
2572 0.68264
2573 0.68264
2574 0.68264
2575 0.68264
2576 0.68264
2577 0.68264
2578 0.68264
2579 0.68264
2580 0.68264
2581 0.68264
2582 0.68264
2583 0.68264
2584 0.68264
2585 0.68264
2586 0.68264
2587 0.68264
2588 0.68264
2589 0.68264
2590 0.68264
2591 0.68264
2592 0.68264
2593 0.68264
2594 0.68264
2595 0.68264
2596 0.68264
2597 0.68264
2598 0.68264
2599 0.68264
2600 0.68264
2601 0.68264
2602 0.68268
2603 0.68272
2604 0.68272
2605 0.68272
2606 0.68272
2607 0.68272
2608 0.68272
2609 0.68272
2610 0.68272
2611 0.68272
2612 0.68272
2613 0.68272
2614 0.68272
2615 0.68272
2616 0.68272
2617 0.68272
2618 0.68272
2619 0.68272
2620 0.68272
2621 0.68272
2622 0.68272
2623 0.68272
2624 0.68272
2625 0.68272
2626 0.68272
2627 0.68272
2628 0.68272
2629 0.68272
2630 0.68272
2631 0.68272
2632 0.68272
2633 0.68272
2634 0.68272
2635 0.68272
2636 0.68272
2637 0.68272
2638 0.68272
2639 0.68272
2640 0.68272
2641 0.68272
2642 0.68272
2643 0.68272
2644 0.68272
2645 0.68272
2646 0.68272
2647 0.68272
2648 0.68272
2649 0.68272
2650 0.68272
2651 0.68272
2652 0.68272
2653 0.68272
2654 0.68272
2655 0.68272
2656 0.68272
2657 0.68272
2658 0.68272
2659 0.68272
2660 0.68272
2661 0.68272
2662 0.68272
2663 0.68272
2664 0.68272
2665 0.68272
2666 0.68272
2667 0.68272
2668 0.68272
2669 0.68272
2670 0.68272
2671 0.68272
2672 0.68272
2673 0.68272
2674 0.68272
2675 0.68272
2676 0.68272
2677 0.68272
2678 0.68272
2679 0.68272
2680 0.68272
2681 0.68272
2682 0.68272
2683 0.68272
2684 0.68272
2685 0.68272
2686 0.68272
2687 0.68272
2688 0.68272
2689 0.68272
2690 0.68272
2691 0.68272
2692 0.68272
2693 0.68272
2694 0.68272
2695 0.68272
2696 0.68272
2697 0.68272
2698 0.68272
2699 0.68272
2700 0.68272
2701 0.68276
2702 0.68276
2703 0.68276
2704 0.6828
2705 0.68284
2706 0.68292
2707 0.68296
2708 0.683
2709 0.68304
2710 0.68308
2711 0.68312
2712 0.68316
2713 0.6832
2714 0.68324
2715 0.68324
2716 0.68324
2717 0.68324
2718 0.68324
2719 0.68324
2720 0.68324
2721 0.68324
2722 0.68324
2723 0.68324
2724 0.68324
2725 0.68324
2726 0.68324
2727 0.68324
2728 0.68324
2729 0.68324
2730 0.68324
2731 0.68324
2732 0.68324
2733 0.68324
2734 0.68324
2735 0.68324
2736 0.68324
2737 0.68324
2738 0.68324
2739 0.68324
2740 0.68324
2741 0.68324
2742 0.68324
2743 0.68324
2744 0.68324
2745 0.68324
2746 0.68324
2747 0.68324
2748 0.68324
2749 0.68324
2750 0.68324
2751 0.68324
2752 0.68324
2753 0.68324
2754 0.68324
2755 0.68324
2756 0.68324
2757 0.68324
2758 0.68324
2759 0.68324
2760 0.68324
2761 0.68324
2762 0.68324
2763 0.68324
2764 0.68324
2765 0.68324
2766 0.68324
2767 0.68324
2768 0.68324
2769 0.68324
2770 0.68324
2771 0.68324
2772 0.68324
2773 0.68324
2774 0.68324
2775 0.68324
2776 0.68324
2777 0.68324
2778 0.68324
2779 0.68324
2780 0.68324
2781 0.68324
2782 0.68324
2783 0.68324
2784 0.68324
2785 0.68324
2786 0.68324
2787 0.68324
2788 0.68324
2789 0.68324
2790 0.68324
2791 0.68324
2792 0.68324
2793 0.68324
2794 0.68324
2795 0.68324
2796 0.68324
2797 0.68324
2798 0.68324
2799 0.68324
2800 0.68324
2801 0.68324
2802 0.68324
2803 0.68324
2804 0.68324
2805 0.68324
2806 0.68324
2807 0.68324
2808 0.68324
2809 0.68324
2810 0.68324
2811 0.68324
2812 0.68324
2813 0.68324
2814 0.68324
2815 0.68324
2816 0.68324
2817 0.68324
2818 0.68324
2819 0.68324
2820 0.68324
2821 0.68324
2822 0.68324
2823 0.68324
2824 0.68324
2825 0.68324
2826 0.68324
2827 0.68324
2828 0.68324
2829 0.68324
2830 0.68324
2831 0.68324
2832 0.68324
2833 0.68324
2834 0.68324
2835 0.68324
2836 0.68324
2837 0.68324
2838 0.68324
2839 0.68324
2840 0.68324
2841 0.68324
2842 0.68324
2843 0.68324
2844 0.68324
2845 0.68324
2846 0.68324
2847 0.68324
2848 0.68324
2849 0.68324
2850 0.68324
2851 0.68324
2852 0.68324
2853 0.68324
2854 0.68324
2855 0.68324
2856 0.68324
2857 0.68324
2858 0.68324
2859 0.68324
2860 0.68324
2861 0.68324
2862 0.68324
2863 0.68324
2864 0.68324
2865 0.68324
2866 0.68324
2867 0.68324
2868 0.68324
2869 0.68324
2870 0.68324
2871 0.68324
2872 0.68324
2873 0.68324
2874 0.68324
2875 0.68324
2876 0.68324
2877 0.68324
2878 0.68324
2879 0.68324
2880 0.68324
2881 0.68324
2882 0.68324
2883 0.68324
2884 0.68324
2885 0.68324
2886 0.68324
2887 0.68324
2888 0.68324
2889 0.68324
2890 0.68324
2891 0.68324
2892 0.68324
2893 0.68324
2894 0.68324
2895 0.68324
2896 0.68324
2897 0.68324
2898 0.68324
2899 0.68324
2900 0.68324
2901 0.68328
2902 0.68332
2903 0.68336
2904 0.68336
2905 0.68336
2906 0.68336
2907 0.68336
2908 0.68336
2909 0.68336
2910 0.68336
2911 0.68336
2912 0.68336
2913 0.68336
2914 0.68336
2915 0.68336
2916 0.68336
2917 0.68336
2918 0.68336
2919 0.68336
2920 0.68336
2921 0.68336
2922 0.68336
2923 0.68336
2924 0.68336
2925 0.68336
2926 0.68336
2927 0.68336
2928 0.68336
2929 0.68336
2930 0.68336
2931 0.68336
2932 0.68336
2933 0.68336
2934 0.68336
2935 0.68336
2936 0.68336
2937 0.68336
2938 0.68336
2939 0.68336
2940 0.68336
2941 0.68336
2942 0.68336
2943 0.68336
2944 0.68336
2945 0.68336
2946 0.68336
2947 0.68336
2948 0.68336
2949 0.68336
2950 0.68336
2951 0.68336
2952 0.68336
2953 0.68336
2954 0.68336
2955 0.68336
2956 0.68336
2957 0.68336
2958 0.68336
2959 0.68336
2960 0.68336
2961 0.68336
2962 0.68336
2963 0.68336
2964 0.68336
2965 0.68336
2966 0.68336
2967 0.68336
2968 0.68336
2969 0.68336
2970 0.68336
2971 0.68336
2972 0.68336
2973 0.68336
2974 0.68336
2975 0.68336
2976 0.68336
2977 0.68336
2978 0.68336
2979 0.68336
2980 0.68336
2981 0.68336
2982 0.68336
2983 0.68336
2984 0.68336
2985 0.68336
2986 0.68336
2987 0.68336
2988 0.68336
2989 0.68336
2990 0.68336
2991 0.68336
2992 0.68336
2993 0.68336
2994 0.68336
2995 0.68336
2996 0.68336
2997 0.68336
2998 0.68336
2999 0.68336
3000 0.68336
3001 0.6834
3002 0.68344
3003 0.68344
3004 0.68344
3005 0.68344
3006 0.68344
3007 0.68344
3008 0.68344
3009 0.68344
3010 0.68344
3011 0.68344
3012 0.68344
3013 0.68344
3014 0.68344
3015 0.68344
3016 0.68344
3017 0.68344
3018 0.68344
3019 0.68344
3020 0.68344
3021 0.68344
3022 0.68344
3023 0.68344
3024 0.68344
3025 0.68344
3026 0.68344
3027 0.68344
3028 0.68344
3029 0.68344
3030 0.68344
3031 0.68344
3032 0.68344
3033 0.68344
3034 0.68344
3035 0.68344
3036 0.68344
3037 0.68344
3038 0.68344
3039 0.68344
3040 0.68344
3041 0.68344
3042 0.68344
3043 0.68344
3044 0.68344
3045 0.68344
3046 0.68344
3047 0.68344
3048 0.68344
3049 0.68344
3050 0.68344
3051 0.68344
3052 0.68344
3053 0.68344
3054 0.68344
3055 0.68344
3056 0.68344
3057 0.68344
3058 0.68344
3059 0.68344
3060 0.68344
3061 0.68344
3062 0.68344
3063 0.68344
3064 0.68344
3065 0.68344
3066 0.68344
3067 0.68344
3068 0.68344
3069 0.68344
3070 0.68344
3071 0.68344
3072 0.68344
3073 0.68344
3074 0.68344
3075 0.68344
3076 0.68344
3077 0.68344
3078 0.68344
3079 0.68344
3080 0.68344
3081 0.68344
3082 0.68344
3083 0.68344
3084 0.68344
3085 0.68344
3086 0.68344
3087 0.68344
3088 0.68344
3089 0.68344
3090 0.68344
3091 0.68344
3092 0.68344
3093 0.68344
3094 0.68344
3095 0.68344
3096 0.68344
3097 0.68344
3098 0.68344
3099 0.68344
3100 0.68344
3101 0.68348
3102 0.68352
3103 0.68352
3104 0.68352
3105 0.68352
3106 0.68352
3107 0.68352
3108 0.68352
3109 0.68352
3110 0.68352
3111 0.68352
3112 0.68352
3113 0.68352
3114 0.68352
3115 0.68352
3116 0.68352
3117 0.68352
3118 0.68352
3119 0.68352
3120 0.68352
3121 0.68352
3122 0.68352
3123 0.68352
3124 0.68352
3125 0.68352
3126 0.68352
3127 0.68352
3128 0.68352
3129 0.68352
3130 0.68352
3131 0.68352
3132 0.68352
3133 0.68352
3134 0.68352
3135 0.68352
3136 0.68352
3137 0.68352
3138 0.68352
3139 0.68352
3140 0.68352
3141 0.68352
3142 0.68352
3143 0.68352
3144 0.68352
3145 0.68352
3146 0.68352
3147 0.68352
3148 0.68352
3149 0.68352
3150 0.68352
3151 0.68352
3152 0.68352
3153 0.68352
3154 0.68352
3155 0.68352
3156 0.68352
3157 0.68352
3158 0.68352
3159 0.68352
3160 0.68352
3161 0.68352
3162 0.68352
3163 0.68352
3164 0.68352
3165 0.68352
3166 0.68352
3167 0.68352
3168 0.68352
3169 0.68352
3170 0.68352
3171 0.68352
3172 0.68352
3173 0.68352
3174 0.68352
3175 0.68352
3176 0.68352
3177 0.68352
3178 0.68352
3179 0.68352
3180 0.68352
3181 0.68352
3182 0.68352
3183 0.68352
3184 0.68352
3185 0.68352
3186 0.68352
3187 0.68352
3188 0.68352
3189 0.68352
3190 0.68352
3191 0.68352
3192 0.68352
3193 0.68352
3194 0.68352
3195 0.68352
3196 0.68352
3197 0.68352
3198 0.68352
3199 0.68352
3200 0.68352
3201 0.68356
3202 0.6836
3203 0.68364
3204 0.68368
3205 0.68372
3206 0.68372
3207 0.68372
3208 0.68372
3209 0.68372
3210 0.68372
3211 0.68372
3212 0.68372
3213 0.68372
3214 0.68372
3215 0.68372
3216 0.68372
3217 0.68372
3218 0.68372
3219 0.68372
3220 0.68372
3221 0.68372
3222 0.68372
3223 0.68372
3224 0.68372
3225 0.68372
3226 0.68372
3227 0.68372
3228 0.68372
3229 0.68372
3230 0.68372
3231 0.68372
3232 0.68372
3233 0.68372
3234 0.68372
3235 0.68372
3236 0.68372
3237 0.68372
3238 0.68372
3239 0.68372
3240 0.68372
3241 0.68372
3242 0.68372
3243 0.68372
3244 0.68372
3245 0.68372
3246 0.68372
3247 0.68372
3248 0.68372
3249 0.68372
3250 0.68372
3251 0.68372
3252 0.68372
3253 0.68372
3254 0.68372
3255 0.68372
3256 0.68372
3257 0.68372
3258 0.68372
3259 0.68372
3260 0.68372
3261 0.68372
3262 0.68372
3263 0.68372
3264 0.68372
3265 0.68372
3266 0.68372
3267 0.68372
3268 0.68372
3269 0.68372
3270 0.68372
3271 0.68372
3272 0.68372
3273 0.68372
3274 0.68372
3275 0.68372
3276 0.68372
3277 0.68372
3278 0.68372
3279 0.68372
3280 0.68372
3281 0.68372
3282 0.68372
3283 0.68372
3284 0.68372
3285 0.68372
3286 0.68372
3287 0.68372
3288 0.68372
3289 0.68372
3290 0.68372
3291 0.68372
3292 0.68372
3293 0.68372
3294 0.68372
3295 0.68372
3296 0.68372
3297 0.68372
3298 0.68372
3299 0.68372
3300 0.68372
3301 0.68372
3302 0.68372
3303 0.68372
3304 0.68372
3305 0.68372
3306 0.68372
3307 0.68372
3308 0.68372
3309 0.68372
3310 0.68372
3311 0.68372
3312 0.68372
3313 0.68372
3314 0.68372
3315 0.68372
3316 0.68372
3317 0.68372
3318 0.68372
3319 0.68372
3320 0.68372
3321 0.68372
3322 0.68372
3323 0.68372
3324 0.68372
3325 0.68372
3326 0.68372
3327 0.68372
3328 0.68372
3329 0.68372
3330 0.68372
3331 0.68372
3332 0.68372
3333 0.68372
3334 0.68372
3335 0.68372
3336 0.68372
3337 0.68372
3338 0.68372
3339 0.68372
3340 0.68372
3341 0.68372
3342 0.68372
3343 0.68372
3344 0.68372
3345 0.68372
3346 0.68372
3347 0.68372
3348 0.68372
3349 0.68372
3350 0.68372
3351 0.68372
3352 0.68372
3353 0.68372
3354 0.68372
3355 0.68372
3356 0.68372
3357 0.68372
3358 0.68372
3359 0.68372
3360 0.68372
3361 0.68372
3362 0.68372
3363 0.68372
3364 0.68372
3365 0.68372
3366 0.68372
3367 0.68372
3368 0.68372
3369 0.68372
3370 0.68372
3371 0.68372
3372 0.68372
3373 0.68372
3374 0.68372
3375 0.68372
3376 0.68372
3377 0.68372
3378 0.68372
3379 0.68372
3380 0.68372
3381 0.68372
3382 0.68372
3383 0.68372
3384 0.68372
3385 0.68372
3386 0.68372
3387 0.68372
3388 0.68372
3389 0.68372
3390 0.68372
3391 0.68372
3392 0.68372
3393 0.68372
3394 0.68372
3395 0.68372
3396 0.68372
3397 0.68372
3398 0.68372
3399 0.68372
3400 0.68372
3401 0.68372
3402 0.68372
3403 0.68372
3404 0.68372
3405 0.68372
3406 0.68372
3407 0.68372
3408 0.68372
3409 0.68372
3410 0.68372
3411 0.68372
3412 0.68372
3413 0.68372
3414 0.68372
3415 0.68372
3416 0.68372
3417 0.68372
3418 0.68372
3419 0.68372
3420 0.68372
3421 0.68372
3422 0.68372
3423 0.68372
3424 0.68372
3425 0.68372
3426 0.68372
3427 0.68372
3428 0.68372
3429 0.68372
3430 0.68372
3431 0.68372
3432 0.68372
3433 0.68372
3434 0.68372
3435 0.68372
3436 0.68372
3437 0.68372
3438 0.68372
3439 0.68372
3440 0.68372
3441 0.68372
3442 0.68372
3443 0.68372
3444 0.68372
3445 0.68372
3446 0.68372
3447 0.68372
3448 0.68372
3449 0.68372
3450 0.68372
3451 0.68372
3452 0.68372
3453 0.68372
3454 0.68372
3455 0.68372
3456 0.68372
3457 0.68372
3458 0.68372
3459 0.68372
3460 0.68372
3461 0.68372
3462 0.68372
3463 0.68372
3464 0.68372
3465 0.68372
3466 0.68372
3467 0.68372
3468 0.68372
3469 0.68372
3470 0.68372
3471 0.68372
3472 0.68372
3473 0.68372
3474 0.68372
3475 0.68372
3476 0.68372
3477 0.68372
3478 0.68372
3479 0.68372
3480 0.68372
3481 0.68372
3482 0.68372
3483 0.68372
3484 0.68372
3485 0.68372
3486 0.68372
3487 0.68372
3488 0.68372
3489 0.68372
3490 0.68372
3491 0.68372
3492 0.68372
3493 0.68372
3494 0.68372
3495 0.68372
3496 0.68372
3497 0.68372
3498 0.68372
3499 0.68372
3500 0.68372
3501 0.68376
3502 0.6838
3503 0.68384
3504 0.68388
3505 0.68388
3506 0.68388
3507 0.68392
3508 0.68396
3509 0.68404
3510 0.68408
3511 0.68408
3512 0.68412
3513 0.68416
3514 0.68416
3515 0.68416
3516 0.68416
3517 0.68416
3518 0.68416
3519 0.68416
3520 0.68416
3521 0.68416
3522 0.68416
3523 0.68416
3524 0.68416
3525 0.68416
3526 0.68416
3527 0.68416
3528 0.68416
3529 0.68416
3530 0.68416
3531 0.68416
3532 0.68416
3533 0.68416
3534 0.68416
3535 0.68416
3536 0.68416
3537 0.68416
3538 0.68416
3539 0.68416
3540 0.68416
3541 0.68416
3542 0.68416
3543 0.68416
3544 0.68416
3545 0.68416
3546 0.68416
3547 0.68416
3548 0.68416
3549 0.68416
3550 0.68416
3551 0.68416
3552 0.68416
3553 0.68416
3554 0.68416
3555 0.68416
3556 0.68416
3557 0.68416
3558 0.68416
3559 0.68416
3560 0.68416
3561 0.68416
3562 0.68416
3563 0.68416
3564 0.68416
3565 0.68416
3566 0.68416
3567 0.68416
3568 0.68416
3569 0.68416
3570 0.68416
3571 0.68416
3572 0.68416
3573 0.68416
3574 0.68416
3575 0.68416
3576 0.68416
3577 0.68416
3578 0.68416
3579 0.68416
3580 0.68416
3581 0.68416
3582 0.68416
3583 0.68416
3584 0.68416
3585 0.68416
3586 0.68416
3587 0.68416
3588 0.68416
3589 0.68416
3590 0.68416
3591 0.68416
3592 0.68416
3593 0.68416
3594 0.68416
3595 0.68416
3596 0.68416
3597 0.68416
3598 0.68416
3599 0.68416
3600 0.68416
3601 0.68416
3602 0.68416
3603 0.68416
3604 0.68416
3605 0.68416
3606 0.68416
3607 0.68416
3608 0.68416
3609 0.68416
3610 0.68416
3611 0.68416
3612 0.68416
3613 0.68416
3614 0.68416
3615 0.68416
3616 0.68416
3617 0.68416
3618 0.68416
3619 0.68416
3620 0.68416
3621 0.68416
3622 0.68416
3623 0.68416
3624 0.68416
3625 0.68416
3626 0.68416
3627 0.68416
3628 0.68416
3629 0.68416
3630 0.68416
3631 0.68416
3632 0.68416
3633 0.68416
3634 0.68416
3635 0.68416
3636 0.68416
3637 0.68416
3638 0.68416
3639 0.68416
3640 0.68416
3641 0.68416
3642 0.68416
3643 0.68416
3644 0.68416
3645 0.68416
3646 0.68416
3647 0.68416
3648 0.68416
3649 0.68416
3650 0.68416
3651 0.68416
3652 0.68416
3653 0.68416
3654 0.68416
3655 0.68416
3656 0.68416
3657 0.68416
3658 0.68416
3659 0.68416
3660 0.68416
3661 0.68416
3662 0.68416
3663 0.68416
3664 0.68416
3665 0.68416
3666 0.68416
3667 0.68416
3668 0.68416
3669 0.68416
3670 0.68416
3671 0.68416
3672 0.68416
3673 0.68416
3674 0.68416
3675 0.68416
3676 0.68416
3677 0.68416
3678 0.68416
3679 0.68416
3680 0.68416
3681 0.68416
3682 0.68416
3683 0.68416
3684 0.68416
3685 0.68416
3686 0.68416
3687 0.68416
3688 0.68416
3689 0.68416
3690 0.68416
3691 0.68416
3692 0.68416
3693 0.68416
3694 0.68416
3695 0.68416
3696 0.68416
3697 0.68416
3698 0.68416
3699 0.68416
3700 0.68416
3701 0.6842
3702 0.68424
3703 0.68428
3704 0.68432
3705 0.68436
3706 0.6844
3707 0.68444
3708 0.68444
3709 0.68444
3710 0.68444
3711 0.68444
3712 0.68444
3713 0.68444
3714 0.68444
3715 0.68444
3716 0.68444
3717 0.68444
3718 0.68444
3719 0.68444
3720 0.68444
3721 0.68444
3722 0.68444
3723 0.68444
3724 0.68444
3725 0.68444
3726 0.68444
3727 0.68444
3728 0.68444
3729 0.68444
3730 0.68444
3731 0.68444
3732 0.68444
3733 0.68444
3734 0.68444
3735 0.68444
3736 0.68444
3737 0.68444
3738 0.68444
3739 0.68444
3740 0.68444
3741 0.68444
3742 0.68444
3743 0.68444
3744 0.68444
3745 0.68444
3746 0.68444
3747 0.68444
3748 0.68444
3749 0.68444
3750 0.68444
3751 0.68444
3752 0.68444
3753 0.68444
3754 0.68444
3755 0.68444
3756 0.68444
3757 0.68444
3758 0.68444
3759 0.68444
3760 0.68444
3761 0.68444
3762 0.68444
3763 0.68444
3764 0.68444
3765 0.68444
3766 0.68444
3767 0.68444
3768 0.68444
3769 0.68444
3770 0.68444
3771 0.68444
3772 0.68444
3773 0.68444
3774 0.68444
3775 0.68444
3776 0.68444
3777 0.68444
3778 0.68444
3779 0.68444
3780 0.68444
3781 0.68444
3782 0.68444
3783 0.68444
3784 0.68444
3785 0.68444
3786 0.68444
3787 0.68444
3788 0.68444
3789 0.68444
3790 0.68444
3791 0.68444
3792 0.68444
3793 0.68444
3794 0.68444
3795 0.68444
3796 0.68444
3797 0.68444
3798 0.68444
3799 0.68444
3800 0.68444
3801 0.68448
3802 0.68452
3803 0.68456
3804 0.68456
3805 0.68456
3806 0.68456
3807 0.68456
3808 0.68456
3809 0.68456
3810 0.68456
3811 0.68456
3812 0.68456
3813 0.68456
3814 0.68456
3815 0.68456
3816 0.68456
3817 0.68456
3818 0.68456
3819 0.68456
3820 0.68456
3821 0.68456
3822 0.68456
3823 0.68456
3824 0.68456
3825 0.68456
3826 0.68456
3827 0.68456
3828 0.68456
3829 0.68456
3830 0.68456
3831 0.68456
3832 0.68456
3833 0.68456
3834 0.68456
3835 0.68456
3836 0.68456
3837 0.68456
3838 0.68456
3839 0.68456
3840 0.68456
3841 0.68456
3842 0.68456
3843 0.68456
3844 0.68456
3845 0.68456
3846 0.68456
3847 0.68456
3848 0.68456
3849 0.68456
3850 0.68456
3851 0.68456
3852 0.68456
3853 0.68456
3854 0.68456
3855 0.68456
3856 0.68456
3857 0.68456
3858 0.68456
3859 0.68456
3860 0.68456
3861 0.68456
3862 0.68456
3863 0.68456
3864 0.68456
3865 0.68456
3866 0.68456
3867 0.68456
3868 0.68456
3869 0.68456
3870 0.68456
3871 0.68456
3872 0.68456
3873 0.68456
3874 0.68456
3875 0.68456
3876 0.68456
3877 0.68456
3878 0.68456
3879 0.68456
3880 0.68456
3881 0.68456
3882 0.68456
3883 0.68456
3884 0.68456
3885 0.68456
3886 0.68456
3887 0.68456
3888 0.68456
3889 0.68456
3890 0.68456
3891 0.68456
3892 0.68456
3893 0.68456
3894 0.68456
3895 0.68456
3896 0.68456
3897 0.68456
3898 0.68456
3899 0.68456
3900 0.68456
3901 0.6846
3902 0.68464
3903 0.68468
3904 0.68472
3905 0.68472
3906 0.68472
3907 0.68472
3908 0.68472
3909 0.68472
3910 0.68472
3911 0.68472
3912 0.68472
3913 0.68472
3914 0.68472
3915 0.68472
3916 0.68472
3917 0.68472
3918 0.68472
3919 0.68472
3920 0.68472
3921 0.68472
3922 0.68472
3923 0.68472
3924 0.68472
3925 0.68472
3926 0.68472
3927 0.68472
3928 0.68472
3929 0.68472
3930 0.68472
3931 0.68472
3932 0.68472
3933 0.68472
3934 0.68472
3935 0.68472
3936 0.68472
3937 0.68472
3938 0.68472
3939 0.68472
3940 0.68472
3941 0.68472
3942 0.68472
3943 0.68472
3944 0.68472
3945 0.68472
3946 0.68472
3947 0.68472
3948 0.68472
3949 0.68472
3950 0.68472
3951 0.68472
3952 0.68472
3953 0.68472
3954 0.68472
3955 0.68472
3956 0.68472
3957 0.68472
3958 0.68472
3959 0.68472
3960 0.68472
3961 0.68472
3962 0.68472
3963 0.68472
3964 0.68472
3965 0.68472
3966 0.68472
3967 0.68472
3968 0.68472
3969 0.68472
3970 0.68472
3971 0.68472
3972 0.68472
3973 0.68472
3974 0.68472
3975 0.68472
3976 0.68472
3977 0.68472
3978 0.68472
3979 0.68472
3980 0.68472
3981 0.68472
3982 0.68472
3983 0.68472
3984 0.68472
3985 0.68472
3986 0.68472
3987 0.68472
3988 0.68472
3989 0.68472
3990 0.68472
3991 0.68472
3992 0.68472
3993 0.68472
3994 0.68472
3995 0.68472
3996 0.68472
3997 0.68472
3998 0.68472
3999 0.68472
4000 0.68472
4001 0.68472
4002 0.68472
4003 0.68472
4004 0.68472
4005 0.68472
4006 0.68472
4007 0.68472
4008 0.68472
4009 0.68472
4010 0.68472
4011 0.68472
4012 0.68472
4013 0.68472
4014 0.68472
4015 0.68472
4016 0.68472
4017 0.68472
4018 0.68472
4019 0.68472
4020 0.68472
4021 0.68472
4022 0.68472
4023 0.68472
4024 0.68472
4025 0.68472
4026 0.68472
4027 0.68472
4028 0.68472
4029 0.68472
4030 0.68472
4031 0.68472
4032 0.68472
4033 0.68472
4034 0.68472
4035 0.68472
4036 0.68472
4037 0.68472
4038 0.68472
4039 0.68472
4040 0.68472
4041 0.68472
4042 0.68472
4043 0.68472
4044 0.68472
4045 0.68472
4046 0.68472
4047 0.68472
4048 0.68472
4049 0.68472
4050 0.68472
4051 0.68472
4052 0.68472
4053 0.68472
4054 0.68472
4055 0.68472
4056 0.68472
4057 0.68472
4058 0.68472
4059 0.68472
4060 0.68472
4061 0.68472
4062 0.68472
4063 0.68472
4064 0.68472
4065 0.68472
4066 0.68472
4067 0.68472
4068 0.68472
4069 0.68472
4070 0.68472
4071 0.68472
4072 0.68472
4073 0.68472
4074 0.68472
4075 0.68472
4076 0.68472
4077 0.68472
4078 0.68472
4079 0.68472
4080 0.68472
4081 0.68472
4082 0.68472
4083 0.68472
4084 0.68472
4085 0.68472
4086 0.68472
4087 0.68472
4088 0.68472
4089 0.68472
4090 0.68472
4091 0.68472
4092 0.68472
4093 0.68472
4094 0.68472
4095 0.68472
4096 0.68472
4097 0.68472
4098 0.68472
4099 0.68472
4100 0.68472
4101 0.68476
4102 0.6848
4103 0.68484
4104 0.68484
4105 0.68488
4106 0.68488
4107 0.68488
4108 0.68488
4109 0.68488
4110 0.68488
4111 0.68488
4112 0.68488
4113 0.68488
4114 0.68488
4115 0.68488
4116 0.68488
4117 0.68488
4118 0.68488
4119 0.68488
4120 0.68488
4121 0.68488
4122 0.68488
4123 0.68488
4124 0.68488
4125 0.68488
4126 0.68488
4127 0.68488
4128 0.68488
4129 0.68488
4130 0.68488
4131 0.68488
4132 0.68488
4133 0.68488
4134 0.68488
4135 0.68488
4136 0.68488
4137 0.68488
4138 0.68488
4139 0.68488
4140 0.68488
4141 0.68488
4142 0.68488
4143 0.68488
4144 0.68488
4145 0.68488
4146 0.68488
4147 0.68488
4148 0.68488
4149 0.68488
4150 0.68488
4151 0.68488
4152 0.68488
4153 0.68488
4154 0.68488
4155 0.68488
4156 0.68488
4157 0.68488
4158 0.68488
4159 0.68488
4160 0.68488
4161 0.68488
4162 0.68488
4163 0.68488
4164 0.68488
4165 0.68488
4166 0.68488
4167 0.68488
4168 0.68488
4169 0.68488
4170 0.68488
4171 0.68488
4172 0.68488
4173 0.68488
4174 0.68488
4175 0.68488
4176 0.68488
4177 0.68488
4178 0.68488
4179 0.68488
4180 0.68488
4181 0.68488
4182 0.68488
4183 0.68488
4184 0.68488
4185 0.68488
4186 0.68488
4187 0.68488
4188 0.68488
4189 0.68488
4190 0.68488
4191 0.68488
4192 0.68488
4193 0.68488
4194 0.68488
4195 0.68488
4196 0.68488
4197 0.68488
4198 0.68488
4199 0.68488
4200 0.68488
4201 0.68492
4202 0.68496
4203 0.68496
4204 0.685
4205 0.685
4206 0.685
4207 0.685
4208 0.685
4209 0.685
4210 0.685
4211 0.685
4212 0.685
4213 0.685
4214 0.685
4215 0.685
4216 0.685
4217 0.685
4218 0.685
4219 0.685
4220 0.685
4221 0.685
4222 0.685
4223 0.685
4224 0.685
4225 0.685
4226 0.685
4227 0.685
4228 0.685
4229 0.685
4230 0.685
4231 0.685
4232 0.685
4233 0.685
4234 0.685
4235 0.685
4236 0.685
4237 0.685
4238 0.685
4239 0.685
4240 0.685
4241 0.685
4242 0.685
4243 0.685
4244 0.685
4245 0.685
4246 0.685
4247 0.685
4248 0.685
4249 0.685
4250 0.685
4251 0.685
4252 0.685
4253 0.685
4254 0.685
4255 0.685
4256 0.685
4257 0.685
4258 0.685
4259 0.685
4260 0.685
4261 0.685
4262 0.685
4263 0.685
4264 0.685
4265 0.685
4266 0.685
4267 0.685
4268 0.685
4269 0.685
4270 0.685
4271 0.685
4272 0.685
4273 0.685
4274 0.685
4275 0.685
4276 0.685
4277 0.685
4278 0.685
4279 0.685
4280 0.685
4281 0.685
4282 0.685
4283 0.685
4284 0.685
4285 0.685
4286 0.685
4287 0.685
4288 0.685
4289 0.685
4290 0.685
4291 0.685
4292 0.685
4293 0.685
4294 0.685
4295 0.685
4296 0.685
4297 0.685
4298 0.685
4299 0.685
