1 0.5074
2 0.50856
3 0.50876
4 0.50924
5 0.50964
6 0.51036
7 0.51128
8 0.51168
9 0.51276
10 0.51356
11 0.51376
12 0.51396
13 0.51452
14 0.51476
15 0.515
16 0.5152
17 0.5154
18 0.51556
19 0.51572
20 0.51588
21 0.51624
22 0.51656
23 0.51672
24 0.51688
25 0.51704
26 0.51736
27 0.51752
28 0.51768
29 0.51784
30 0.51816
31 0.51832
32 0.51864
33 0.5188
34 0.51896
35 0.51912
36 0.51944
37 0.5196
38 0.51976
39 0.52008
40 0.52024
41 0.5204
42 0.52072
43 0.52104
44 0.5212
45 0.52136
46 0.52152
47 0.52184
48 0.522
49 0.52216
50 0.52232
51 0.5226
52 0.52292
53 0.52308
54 0.52324
55 0.5234
56 0.52356
57 0.52376
58 0.52392
59 0.5242
60 0.52452
61 0.52468
62 0.52484
63 0.52516
64 0.52532
65 0.52548
66 0.52564
67 0.5258
68 0.52612
69 0.52628
70 0.52644
71 0.5266
72 0.52672
73 0.52684
74 0.52708
75 0.5272
76 0.52732
77 0.52744
78 0.52756
79 0.5278
80 0.52792
81 0.52804
82 0.52816
83 0.52828
84 0.5284
85 0.52868
86 0.52892
87 0.52904
88 0.52928
89 0.5294
90 0.52952
91 0.52976
92 0.52988
93 0.53012
94 0.53024
95 0.53048
96 0.5306
97 0.53072
98 0.53084
99 0.53096
100 0.53112
101 0.53124
102 0.53136
103 0.53152
104 0.53164
105 0.53176
106 0.53212
107 0.53244
108 0.53256
109 0.53268
110 0.5328
111 0.53292
112 0.5332
113 0.5334
114 0.5338
115 0.53392
116 0.53404
117 0.53416
118 0.53428
119 0.53452
120 0.53464
121 0.53476
122 0.53488
123 0.535
124 0.53512
125 0.53524
126 0.53536
127 0.53548
128 0.5356
129 0.53572
130 0.53584
131 0.53596
132 0.53608
133 0.5362
134 0.53632
135 0.53644
136 0.53656
137 0.53668
138 0.5368
139 0.53692
140 0.53704
141 0.53716
142 0.53728
143 0.5374
144 0.53752
145 0.53764
146 0.53776
147 0.53788
148 0.538
149 0.53812
150 0.53824
151 0.53836
152 0.53848
153 0.5386
154 0.53872
155 0.53884
156 0.53896
157 0.53908
158 0.5392
159 0.53932
160 0.53944
161 0.53956
162 0.53968
163 0.5398
164 0.53992
165 0.54004
166 0.54016
167 0.54028
168 0.5404
169 0.54052
170 0.54064
171 0.54076
172 0.54088
173 0.541
174 0.54112
175 0.54124
176 0.54136
177 0.54148
178 0.5416
179 0.54172
180 0.54184
181 0.54196
182 0.54208
183 0.5422
184 0.54232
185 0.54244
186 0.54256
187 0.54268
188 0.5428
189 0.54292
190 0.54304
191 0.54316
192 0.54328
193 0.5434
194 0.54352
195 0.54364
196 0.54376
197 0.54388
198 0.544
199 0.54412
200 0.54424
201 0.54436
202 0.54448
203 0.5446
204 0.54472
205 0.54484
206 0.54496
207 0.54508
208 0.5452
209 0.54532
210 0.54544
211 0.54556
212 0.54568
213 0.5458
214 0.54592
215 0.54604
216 0.54616
217 0.54628
218 0.5464
219 0.54652
220 0.54664
221 0.54676
222 0.54688
223 0.547
224 0.54712
225 0.54724
226 0.54736
227 0.54748
228 0.5476
229 0.54772
230 0.54784
231 0.54796
232 0.54808
233 0.5482
234 0.54832
235 0.54844
236 0.54856
237 0.54868
238 0.5488
239 0.54892
240 0.54904
241 0.54916
242 0.54928
243 0.5494
244 0.54952
245 0.54964
246 0.54976
247 0.54988
248 0.55
249 0.55012
250 0.55024
251 0.55036
252 0.55048
253 0.5506
254 0.55072
255 0.55084
256 0.55096
257 0.55108
258 0.5512
259 0.55132
260 0.55144
261 0.55156
262 0.55168
263 0.5518
264 0.55192
265 0.55204
266 0.55216
267 0.55228
268 0.5524
269 0.55252
270 0.55264
271 0.55276
272 0.55288
273 0.553
274 0.55312
275 0.55324
276 0.55336
277 0.55348
278 0.5536
279 0.55372
280 0.55384
281 0.55396
282 0.55408
283 0.5542
284 0.55432
285 0.55444
286 0.55456
287 0.55468
288 0.5548
289 0.55492
290 0.55504
291 0.55516
292 0.55528
293 0.5554
294 0.55552
295 0.55564
296 0.55576
297 0.55588
298 0.556
299 0.55612
300 0.55624
301 0.55636
302 0.55648
303 0.5566
304 0.55672
305 0.55684
306 0.55696
307 0.55708
308 0.5572
309 0.55732
310 0.55744
311 0.55756
312 0.55768
313 0.5578
314 0.55792
315 0.55804
316 0.55816
317 0.55828
318 0.5584
319 0.55852
320 0.55864
321 0.55876
322 0.55888
323 0.559
324 0.55912
325 0.55924
326 0.55936
327 0.55948
328 0.5596
329 0.55972
330 0.55984
331 0.55996
332 0.56008
333 0.5602
334 0.56032
335 0.56044
336 0.56056
337 0.56068
338 0.5608
339 0.56092
340 0.56104
341 0.56112
342 0.56124
343 0.56132
344 0.5614
345 0.56148
346 0.56156
347 0.56164
348 0.56172
349 0.5618
350 0.56188
351 0.56196
352 0.56204
353 0.56212
354 0.5622
355 0.56228
356 0.56236
357 0.56248
358 0.56256
359 0.56264
360 0.56272
361 0.5628
362 0.56288
363 0.56296
364 0.56308
365 0.56316
366 0.56324
367 0.56336
368 0.56344
369 0.56352
370 0.5636
371 0.56368
372 0.56376
373 0.56384
374 0.56392
375 0.564
376 0.56412
377 0.56424
378 0.56432
379 0.5644
380 0.56448
381 0.56456
382 0.56464
383 0.56472
384 0.5648
385 0.56488
386 0.565
387 0.56508
388 0.56516
389 0.56524
390 0.56532
391 0.5654
392 0.56548
393 0.56556
394 0.56564
395 0.56572
396 0.5658
397 0.56588
398 0.566
399 0.56608
400 0.56616
401 0.56624
402 0.56632
403 0.5664
404 0.56652
405 0.5666
406 0.56668
407 0.56676
408 0.56684
409 0.56692
410 0.567
411 0.56708
412 0.5672
413 0.56728
414 0.56736
415 0.56744
416 0.56752
417 0.5676
418 0.56768
419 0.56776
420 0.56784
421 0.56792
422 0.568
423 0.56808
424 0.56816
425 0.56824
426 0.56832
427 0.5684
428 0.56848
429 0.56856
430 0.56864
431 0.56872
432 0.5688
433 0.56888
434 0.569
435 0.56912
436 0.5692
437 0.56928
438 0.5694
439 0.56948
440 0.56956
441 0.56964
442 0.56972
443 0.5698
444 0.56988
445 0.56996
446 0.57004
447 0.57012
448 0.5702
449 0.57028
450 0.57036
451 0.57048
452 0.5706
453 0.57072
454 0.5708
455 0.57088
456 0.571
457 0.57108
458 0.57116
459 0.57124
460 0.57132
461 0.5714
462 0.57148
463 0.57156
464 0.57164
465 0.57172
466 0.5718
467 0.57188
468 0.57196
469 0.57204
470 0.57216
471 0.57224
472 0.57232
473 0.5724
474 0.57248
475 0.57256
476 0.57264
477 0.57272
478 0.5728
479 0.57288
480 0.573
481 0.57308
482 0.57316
483 0.57324
484 0.57332
485 0.5734
486 0.57348
487 0.57356
488 0.57368
489 0.57376
490 0.57384
491 0.57396
492 0.57404
493 0.57412
494 0.5742
495 0.57428
496 0.57436
497 0.57444
498 0.57452
499 0.5746
500 0.57472
501 0.5748
502 0.57488
503 0.57496
504 0.57504
505 0.57512
506 0.5752
507 0.57528
508 0.57536
509 0.57544
510 0.57552
511 0.5756
512 0.57568
513 0.57576
514 0.57584
515 0.57592
516 0.576
517 0.57608
518 0.57616
519 0.57624
520 0.57632
521 0.5764
522 0.57648
523 0.57656
524 0.57664
525 0.57672
526 0.5768
527 0.57688
528 0.57696
529 0.57704
530 0.57712
531 0.5772
532 0.57728
533 0.57736
534 0.57744
535 0.57752
536 0.5776
537 0.57768
538 0.57776
539 0.57784
540 0.57792
541 0.578
542 0.57808
543 0.57816
544 0.57824
545 0.57832
546 0.5784
547 0.57852
548 0.5786
549 0.57868
550 0.57876
551 0.57888
552 0.57896
553 0.57904
554 0.57912
555 0.5792
556 0.57928
557 0.57936
558 0.57944
559 0.57952
560 0.5796
561 0.57968
562 0.57976
563 0.57984
564 0.57992
565 0.58
566 0.58012
567 0.5802
568 0.58028
569 0.58036
570 0.58048
571 0.58056
572 0.58064
573 0.58072
574 0.5808
575 0.58088
576 0.58096
577 0.58104
578 0.58112
579 0.58124
580 0.58132
581 0.5814
582 0.58148
583 0.58156
584 0.58164
585 0.58172
586 0.5818
587 0.58188
588 0.58196
589 0.58204
590 0.58212
591 0.58224
592 0.58232
593 0.5824
594 0.58248
595 0.58256
596 0.58264
597 0.58272
598 0.5828
599 0.58288
600 0.58296
601 0.58304
602 0.58312
603 0.5832
604 0.58328
605 0.58336
606 0.58344
607 0.58352
608 0.5836
609 0.58372
610 0.5838
611 0.58388
612 0.58396
613 0.58404
614 0.58412
615 0.5842
616 0.58428
617 0.58436
618 0.58444
619 0.58452
620 0.5846
621 0.58468
622 0.58476
623 0.58484
624 0.58492
625 0.585
626 0.58508
627 0.58516
628 0.58524
629 0.58532
630 0.5854
631 0.58552
632 0.5856
633 0.58568
634 0.58576
635 0.58584
636 0.58592
637 0.586
638 0.58608
639 0.58616
640 0.58624
641 0.58632
642 0.5864
643 0.58648
644 0.58656
645 0.58664
646 0.58672
647 0.5868
648 0.58688
649 0.58696
650 0.58704
651 0.58712
652 0.5872
653 0.58728
654 0.58736
655 0.58744
656 0.58752
657 0.5876
658 0.58768
659 0.58776
660 0.58784
661 0.58792
662 0.588
663 0.58808
664 0.58816
665 0.58824
666 0.58832
667 0.5884
668 0.58848
669 0.58856
670 0.58864
671 0.58872
672 0.58884
673 0.58892
674 0.589
675 0.58908
676 0.58916
677 0.58924
678 0.58932
679 0.5894
680 0.58948
681 0.58956
682 0.58964
683 0.58972
684 0.5898
685 0.58988
686 0.58996
687 0.59004
688 0.59012
689 0.5902
690 0.59028
691 0.59036
692 0.59044
693 0.59052
694 0.5906
695 0.59068
696 0.59076
697 0.59084
698 0.59092
699 0.591
700 0.59108
701 0.59116
702 0.59124
703 0.59132
704 0.5914
705 0.59148
706 0.59156
707 0.59164
708 0.59172
709 0.5918
710 0.59188
711 0.59196
712 0.59204
713 0.59212
714 0.5922
715 0.59228
716 0.59236
717 0.59244
718 0.59252
719 0.5926
720 0.59268
721 0.59276
722 0.59284
723 0.59292
724 0.593
725 0.59308
726 0.59316
727 0.59324
728 0.59332
729 0.5934
730 0.59348
731 0.59356
732 0.59364
733 0.59372
734 0.5938
735 0.59388
736 0.59396
737 0.59404
738 0.59412
739 0.5942
740 0.59428
741 0.59436
742 0.59444
743 0.59452
744 0.5946
745 0.59468
746 0.59476
747 0.59484
748 0.59492
749 0.595
750 0.59512
751 0.5952
752 0.59528
753 0.59536
754 0.59544
755 0.59552
756 0.5956
757 0.59568
758 0.59576
759 0.59584
760 0.59596
761 0.59604
762 0.59612
763 0.5962
764 0.59628
765 0.59636
766 0.59644
767 0.59652
768 0.5966
769 0.59668
770 0.59676
771 0.59684
772 0.59692
773 0.597
774 0.59708
775 0.59716
776 0.59724
777 0.59732
778 0.5974
779 0.59748
780 0.59756
781 0.59764
782 0.59772
783 0.5978
784 0.59788
785 0.59796
786 0.59804
787 0.59812
788 0.5982
789 0.59828
790 0.59836
791 0.59844
792 0.59852
793 0.5986
794 0.59868
795 0.5988
796 0.59892
797 0.599
798 0.59908
799 0.59916
800 0.59924
801 0.59932
802 0.5994
803 0.59948
804 0.59956
805 0.59964
806 0.59972
807 0.5998
808 0.59988
809 0.59996
810 0.60004
811 0.60012
812 0.60024
813 0.60032
814 0.6004
815 0.60048
816 0.60056
817 0.60064
818 0.60072
819 0.6008
820 0.60088
821 0.60096
822 0.60104
823 0.60112
824 0.6012
825 0.60128
826 0.6014
827 0.60148
828 0.60156
829 0.60164
830 0.60172
831 0.6018
832 0.60188
833 0.60196
834 0.60204
835 0.60212
836 0.6022
837 0.60228
838 0.60236
839 0.60244
840 0.60256
841 0.60264
842 0.60272
843 0.6028
844 0.60288
845 0.60296
846 0.60304
847 0.60312
848 0.6032
849 0.60328
850 0.6034
851 0.60348
852 0.60356
853 0.60364
854 0.60372
855 0.6038
856 0.60388
857 0.60396
858 0.60404
859 0.60412
860 0.6042
861 0.60428
862 0.60436
863 0.60444
864 0.60452
865 0.6046
866 0.60468
867 0.60476
868 0.60484
869 0.60492
870 0.605
871 0.60508
872 0.60516
873 0.60524
874 0.60532
875 0.6054
876 0.60548
877 0.60556
878 0.60564
879 0.60572
880 0.6058
881 0.60588
882 0.60596
883 0.60608
884 0.60616
885 0.60624
886 0.60632
887 0.6064
888 0.60648
889 0.60656
890 0.60664
891 0.60672
892 0.6068
893 0.60688
894 0.60696
895 0.60704
896 0.60712
897 0.6072
898 0.60728
899 0.60736
900 0.60744
901 0.60752
902 0.6076
903 0.60768
904 0.60776
905 0.60784
906 0.60792
907 0.608
908 0.60808
909 0.60816
910 0.60824
911 0.60832
912 0.60844
913 0.60852
914 0.6086
915 0.60868
916 0.60876
917 0.60884
918 0.60892
919 0.609
920 0.60908
921 0.60916
922 0.60924
923 0.60932
924 0.6094
925 0.60948
926 0.60956
927 0.60964
928 0.60972
929 0.6098
930 0.60988
931 0.60996
932 0.61004
933 0.61012
934 0.6102
935 0.61028
936 0.61036
937 0.61044
938 0.61052
939 0.6106
940 0.61068
941 0.61076
942 0.61084
943 0.61092
944 0.611
945 0.61108
946 0.61116
947 0.61124
948 0.61132
949 0.6114
950 0.61148
951 0.61156
952 0.61164
953 0.61172
954 0.6118
955 0.61188
956 0.61196
957 0.61204
958 0.61212
959 0.6122
960 0.61228
961 0.61236
962 0.61244
963 0.61252
964 0.6126
965 0.61268
966 0.61276
967 0.61284
968 0.61292
969 0.613
970 0.61308
971 0.61316
972 0.61324
973 0.61332
974 0.6134
975 0.61348
976 0.61356
977 0.61364
978 0.61372
979 0.6138
980 0.61388
981 0.61396
982 0.61404
983 0.61412
984 0.6142
985 0.61428
986 0.61436
987 0.61444
988 0.61452
989 0.6146
990 0.61468
991 0.61476
992 0.61484
993 0.61492
994 0.615
995 0.61508
996 0.61516
997 0.61524
998 0.61532
999 0.6154
1000 0.61548
1001 0.61556
1002 0.61564
1003 0.61572
1004 0.6158
1005 0.61588
1006 0.61596
1007 0.61604
1008 0.61612
1009 0.6162
1010 0.61628
1011 0.61636
1012 0.61644
1013 0.61652
1014 0.6166
1015 0.61668
1016 0.61676
1017 0.61684
1018 0.61692
1019 0.617
1020 0.61708
1021 0.61716
1022 0.61724
1023 0.61732
1024 0.6174
1025 0.61748
1026 0.61756
1027 0.61764
1028 0.61772
1029 0.6178
1030 0.61788
1031 0.61796
1032 0.61804
1033 0.61812
1034 0.6182
1035 0.61828
1036 0.61836
1037 0.61844
1038 0.61852
1039 0.6186
1040 0.61868
1041 0.61876
1042 0.61884
1043 0.61892
1044 0.619
1045 0.61908
1046 0.61916
1047 0.61924
1048 0.61932
1049 0.6194
1050 0.61948
1051 0.61956
1052 0.61964
1053 0.61972
1054 0.6198
1055 0.61988
1056 0.61996
1057 0.62004
1058 0.62012
1059 0.6202
1060 0.62028
1061 0.62036
1062 0.62044
1063 0.62052
1064 0.6206
1065 0.62068
1066 0.62076
1067 0.62084
1068 0.62092
1069 0.621
1070 0.62108
1071 0.62116
1072 0.62124
1073 0.62132
1074 0.6214
1075 0.62148
1076 0.62156
1077 0.62164
1078 0.62172
1079 0.6218
1080 0.62188
1081 0.62196
1082 0.62204
1083 0.62212
1084 0.6222
1085 0.62228
1086 0.62236
1087 0.62244
1088 0.62252
1089 0.62256
1090 0.6226
1091 0.62264
1092 0.62268
1093 0.62276
1094 0.6228
1095 0.62284
1096 0.62292
1097 0.62296
1098 0.623
1099 0.62308
1100 0.62312
1101 0.62316
1102 0.62324
1103 0.62328
1104 0.62332
1105 0.62336
1106 0.62344
1107 0.62348
1108 0.62352
1109 0.6236
1110 0.62364
1111 0.62372
1112 0.62376
1113 0.6238
1114 0.62384
1115 0.62388
1116 0.62392
1117 0.62396
1118 0.624
1119 0.62408
1120 0.62412
1121 0.62416
1122 0.6242
1123 0.62424
1124 0.62428
1125 0.62436
1126 0.62444
1127 0.62448
1128 0.62452
1129 0.6246
1130 0.62464
1131 0.62468
1132 0.62472
1133 0.62476
1134 0.6248
1135 0.62488
1136 0.62492
1137 0.625
1138 0.62508
1139 0.62512
1140 0.62516
1141 0.6252
1142 0.62524
1143 0.62528
1144 0.62532
1145 0.62536
1146 0.6254
1147 0.62544
1148 0.62548
1149 0.62552
1150 0.62556
1151 0.62564
1152 0.62568
1153 0.62572
1154 0.62576
1155 0.6258
1156 0.62588
1157 0.62592
1158 0.62596
1159 0.626
1160 0.62608
1161 0.62612
1162 0.62616
1163 0.6262
1164 0.62624
1165 0.62628
1166 0.62636
1167 0.6264
1168 0.62644
1169 0.62652
1170 0.62656
1171 0.62664
1172 0.62668
1173 0.62676
1174 0.62684
1175 0.62688
1176 0.62692
1177 0.627
1178 0.62704
1179 0.62708
1180 0.62712
1181 0.6272
1182 0.62724
1183 0.62732
1184 0.62736
1185 0.6274
1186 0.62744
1187 0.62748
1188 0.62756
1189 0.62764
1190 0.62768
1191 0.62772
1192 0.6278
1193 0.62784
1194 0.62788
1195 0.62792
1196 0.628
1197 0.62804
1198 0.62808
1199 0.62812
1200 0.62816
1201 0.6282
1202 0.62828
1203 0.62836
1204 0.62844
1205 0.62848
1206 0.62852
1207 0.6286
1208 0.62864
1209 0.62868
1210 0.62876
1211 0.6288
1212 0.62884
1213 0.62888
1214 0.62892
1215 0.62896
1216 0.629
1217 0.62904
1218 0.62908
1219 0.62916
1220 0.6292
1221 0.62924
1222 0.62928
1223 0.62932
1224 0.62936
1225 0.62944
1226 0.62948
1227 0.62956
1228 0.6296
1229 0.62964
1230 0.62968
1231 0.62972
1232 0.62976
1233 0.6298
1234 0.62984
1235 0.62988
1236 0.62992
1237 0.62996
1238 0.63
1239 0.63004
1240 0.63008
1241 0.63012
1242 0.6302
1243 0.63024
1244 0.63032
1245 0.6304
1246 0.63044
1247 0.63052
1248 0.63056
1249 0.6306
1250 0.63064
1251 0.63068
1252 0.63076
1253 0.6308
1254 0.63084
1255 0.63088
1256 0.63096
1257 0.631
1258 0.63104
1259 0.63108
1260 0.63116
1261 0.6312
1262 0.63124
1263 0.63132
1264 0.63136
1265 0.6314
1266 0.63144
1267 0.63148
1268 0.63152
1269 0.63156
1270 0.6316
1271 0.63164
1272 0.63172
1273 0.6318
1274 0.63188
1275 0.63192
1276 0.63196
1277 0.632
1278 0.63204
1279 0.63212
1280 0.63216
1281 0.6322
1282 0.63224
1283 0.63228
1284 0.63232
1285 0.63236
1286 0.6324
1287 0.63244
1288 0.63248
1289 0.63252
1290 0.63256
1291 0.6326
1292 0.63264
1293 0.63268
1294 0.63272
1295 0.63276
1296 0.6328
1297 0.63288
1298 0.63292
1299 0.633
1300 0.63304
1301 0.63312
1302 0.63316
1303 0.6332
1304 0.63328
1305 0.63332
1306 0.63336
1307 0.63344
1308 0.63348
1309 0.63356
1310 0.63364
1311 0.63368
1312 0.63372
1313 0.63376
1314 0.6338
1315 0.63384
1316 0.63388
1317 0.63396
1318 0.634
1319 0.63404
1320 0.63408
1321 0.63412
1322 0.63416
1323 0.6342
1324 0.63424
1325 0.63428
1326 0.63432
1327 0.63436
1328 0.6344
1329 0.63444
1330 0.63448
1331 0.63452
1332 0.6346
1333 0.63464
1334 0.63472
1335 0.63476
1336 0.6348
1337 0.63488
1338 0.63496
1339 0.635
1340 0.63504
1341 0.63508
1342 0.63512
1343 0.63516
1344 0.63524
1345 0.63528
1346 0.63532
1347 0.6354
1348 0.63544
1349 0.63548
1350 0.63556
1351 0.6356
1352 0.63564
1353 0.63568
1354 0.63572
1355 0.63576
1356 0.6358
1357 0.63584
1358 0.63588
1359 0.63592
1360 0.63596
1361 0.636
1362 0.63604
1363 0.63608
1364 0.63612
1365 0.63616
1366 0.6362
1367 0.63624
1368 0.63632
1369 0.63636
1370 0.6364
1371 0.63648
1372 0.63652
1373 0.6366
1374 0.63664
1375 0.63668
1376 0.63672
1377 0.6368
1378 0.63688
1379 0.63692
1380 0.63696
1381 0.637
1382 0.63704
1383 0.63712
1384 0.63716
1385 0.63724
1386 0.63728
1387 0.63732
1388 0.6374
1389 0.63744
1390 0.63748
1391 0.63752
1392 0.63756
1393 0.6376
1394 0.63764
1395 0.63768
1396 0.63772
1397 0.63776
1398 0.6378
1399 0.63784
1400 0.63788
1401 0.63792
1402 0.63796
1403 0.638
1404 0.63804
1405 0.63808
1406 0.63812
1407 0.63816
1408 0.63824
1409 0.63828
1410 0.63832
1411 0.63836
1412 0.6384
1413 0.63844
1414 0.63848
1415 0.63852
1416 0.63856
1417 0.6386
1418 0.63868
1419 0.63876
1420 0.6388
1421 0.63884
1422 0.63888
1423 0.63892
1424 0.639
1425 0.63904
1426 0.63908
1427 0.63912
1428 0.63916
1429 0.6392
1430 0.63924
1431 0.63928
1432 0.63932
1433 0.63936
1434 0.6394
1435 0.63944
1436 0.63948
1437 0.63952
1438 0.63956
1439 0.6396
1440 0.63964
1441 0.63968
1442 0.63972
1443 0.63976
1444 0.6398
1445 0.63984
1446 0.63988
1447 0.63992
1448 0.63996
1449 0.64
1450 0.64004
1451 0.64012
1452 0.64016
1453 0.6402
1454 0.64028
1455 0.64032
1456 0.64036
1457 0.64044
1458 0.64048
1459 0.64052
1460 0.64056
1461 0.6406
1462 0.64064
1463 0.64068
1464 0.64072
1465 0.6408
1466 0.64084
1467 0.64088
1468 0.64096
1469 0.641
1470 0.64108
1471 0.64112
1472 0.64116
1473 0.6412
1474 0.64124
1475 0.64128
1476 0.64132
1477 0.64136
1478 0.64144
1479 0.64152
1480 0.64156
1481 0.6416
1482 0.64168
1483 0.64172
1484 0.64176
1485 0.6418
1486 0.64184
1487 0.64192
1488 0.64196
1489 0.642
1490 0.64204
1491 0.64212
1492 0.64216
1493 0.6422
1494 0.64224
1495 0.64228
1496 0.64232
1497 0.64236
1498 0.6424
1499 0.64244
1500 0.64248
1501 0.64252
1502 0.64256
1503 0.6426
1504 0.64268
1505 0.64276
1506 0.6428
1507 0.64284
1508 0.64288
1509 0.64292
1510 0.64296
1511 0.64304
1512 0.64308
1513 0.64312
1514 0.64316
1515 0.6432
1516 0.64324
1517 0.64328
1518 0.64332
1519 0.64336
1520 0.6434
1521 0.64344
1522 0.64348
1523 0.64352
1524 0.64356
1525 0.6436
1526 0.64364
1527 0.64368
1528 0.64372
1529 0.64376
1530 0.6438
1531 0.64384
1532 0.64388
1533 0.64392
1534 0.644
1535 0.64408
1536 0.64412
1537 0.64416
1538 0.6442
1539 0.64424
1540 0.64428
1541 0.64432
1542 0.64436
1543 0.64444
1544 0.64448
1545 0.64452
1546 0.64456
1547 0.6446
1548 0.64464
1549 0.64468
1550 0.64476
1551 0.6448
1552 0.64484
1553 0.64488
1554 0.64492
1555 0.64496
1556 0.645
1557 0.64504
1558 0.64508
1559 0.64512
1560 0.64516
1561 0.64524
1562 0.64528
1563 0.64532
1564 0.64536
1565 0.6454
1566 0.64544
1567 0.64548
1568 0.64556
1569 0.64564
1570 0.64568
1571 0.64572
1572 0.6458
1573 0.64584
1574 0.64588
1575 0.64592
1576 0.64596
1577 0.646
1578 0.64604
1579 0.64608
1580 0.64612
1581 0.64616
1582 0.6462
1583 0.64624
1584 0.64628
1585 0.64632
1586 0.64636
1587 0.6464
1588 0.64644
1589 0.64648
1590 0.64652
1591 0.64656
1592 0.6466
1593 0.64664
1594 0.64668
1595 0.64672
1596 0.64676
1597 0.64684
1598 0.64688
1599 0.64692
1600 0.64696
1601 0.64704
1602 0.64708
1603 0.64716
1604 0.6472
1605 0.64724
1606 0.64732
1607 0.64736
1608 0.6474
1609 0.64744
1610 0.64748
1611 0.64752
1612 0.64756
1613 0.6476
1614 0.64764
1615 0.64768
1616 0.64772
1617 0.64776
1618 0.6478
1619 0.64784
1620 0.64788
1621 0.64792
1622 0.64796
1623 0.648
1624 0.64804
1625 0.64808
1626 0.64816
1627 0.6482
1628 0.64824
1629 0.64828
1630 0.64832
1631 0.64836
1632 0.6484
1633 0.64844
1634 0.64852
1635 0.64856
1636 0.6486
1637 0.64864
1638 0.64868
1639 0.64872
1640 0.64876
1641 0.6488
1642 0.64888
1643 0.64892
1644 0.64896
1645 0.649
1646 0.64904
1647 0.64908
1648 0.64916
1649 0.6492
1650 0.64924
1651 0.64928
1652 0.64932
1653 0.64936
1654 0.6494
1655 0.64944
1656 0.64948
1657 0.64952
1658 0.6496
1659 0.64964
1660 0.64968
1661 0.64972
1662 0.6498
1663 0.64988
1664 0.64992
1665 0.64996
1666 0.65
1667 0.65004
1668 0.65008
1669 0.65012
1670 0.65016
1671 0.6502
1672 0.65024
1673 0.65028
1674 0.65032
1675 0.6504
1676 0.65044
1677 0.65048
1678 0.65056
1679 0.6506
1680 0.65064
1681 0.65068
1682 0.65072
1683 0.65076
1684 0.6508
1685 0.65084
1686 0.65088
1687 0.65092
1688 0.651
1689 0.65104
1690 0.65108
1691 0.65112
1692 0.65116
1693 0.6512
1694 0.65128
1695 0.65132
1696 0.65136
1697 0.6514
1698 0.65144
1699 0.65148
1700 0.65152
1701 0.65156
1702 0.65164
1703 0.65172
1704 0.65176
1705 0.6518
1706 0.65184
1707 0.65192
1708 0.652
1709 0.65204
1710 0.65208
1711 0.65216
1712 0.65224
1713 0.65228
1714 0.65232
1715 0.6524
1716 0.65248
1717 0.65252
1718 0.6526
1719 0.65264
1720 0.65268
1721 0.65272
1722 0.65276
1723 0.6528
1724 0.65284
1725 0.65288
1726 0.65292
1727 0.65296
1728 0.653
1729 0.65304
1730 0.65312
1731 0.65316
1732 0.6532
1733 0.65324
1734 0.65328
1735 0.65332
1736 0.65336
1737 0.6534
1738 0.65344
1739 0.65348
1740 0.65352
1741 0.65356
1742 0.6536
1743 0.65364
1744 0.65368
1745 0.65372
1746 0.65376
1747 0.6538
1748 0.65384
1749 0.65392
1750 0.65396
1751 0.654
1752 0.65404
1753 0.65408
1754 0.65412
1755 0.65416
1756 0.6542
1757 0.65424
1758 0.65432
1759 0.65436
1760 0.65444
1761 0.65452
1762 0.65456
1763 0.6546
1764 0.65464
1765 0.65468
1766 0.65472
1767 0.65476
1768 0.6548
1769 0.65488
1770 0.65492
1771 0.65496
1772 0.655
1773 0.65508
1774 0.65512
1775 0.65516
1776 0.6552
1777 0.65524
1778 0.65528
1779 0.65532
1780 0.6554
1781 0.65544
1782 0.65548
1783 0.65552
1784 0.65556
1785 0.6556
1786 0.65564
1787 0.65568
1788 0.65572
1789 0.65576
1790 0.6558
1791 0.65584
1792 0.65588
1793 0.65592
1794 0.65596
1795 0.656
1796 0.65604
1797 0.65612
1798 0.6562
1799 0.65624
1800 0.65628
1801 0.65632
1802 0.65636
1803 0.6564
1804 0.65644
1805 0.65652
1806 0.65656
1807 0.6566
1808 0.65664
1809 0.65672
1810 0.65676
1811 0.6568
1812 0.65684
1813 0.65688
1814 0.65692
1815 0.65696
1816 0.657
1817 0.65704
1818 0.65708
1819 0.65712
1820 0.65716
1821 0.65724
1822 0.65728
1823 0.65732
1824 0.65736
1825 0.6574
1826 0.65744
1827 0.65748
1828 0.65752
1829 0.65756
1830 0.6576
1831 0.65764
1832 0.65768
1833 0.65772
1834 0.65776
1835 0.6578
1836 0.65784
1837 0.65788
1838 0.65792
1839 0.65796
1840 0.658
1841 0.65804
1842 0.65808
1843 0.65812
1844 0.65816
1845 0.6582
1846 0.65828
1847 0.65832
1848 0.6584
1849 0.65844
1850 0.65848
1851 0.65852
1852 0.65856
1853 0.6586
1854 0.65864
1855 0.65868
1856 0.65872
1857 0.65876
1858 0.6588
1859 0.65884
1860 0.65888
1861 0.65892
1862 0.65896
1863 0.659
1864 0.65904
1865 0.65908
1866 0.65912
1867 0.65916
1868 0.65924
1869 0.65928
1870 0.65932
1871 0.65936
1872 0.6594
1873 0.65944
1874 0.65948
1875 0.65956
1876 0.6596
1877 0.65964
1878 0.65968
1879 0.65972
1880 0.65976
1881 0.65984
1882 0.65988
1883 0.65992
1884 0.65996
1885 0.66
1886 0.66004
1887 0.66008
1888 0.66012
1889 0.66016
1890 0.6602
1891 0.66024
1892 0.66032
1893 0.66036
1894 0.6604
1895 0.66044
1896 0.66048
1897 0.66052
1898 0.66056
1899 0.66064
1900 0.66068
1901 0.66072
1902 0.66076
1903 0.6608
1904 0.66088
1905 0.66092
1906 0.66096
1907 0.661
1908 0.66104
1909 0.66108
1910 0.66112
1911 0.66116
1912 0.6612
1913 0.66124
1914 0.66128
1915 0.66132
1916 0.66136
1917 0.6614
1918 0.66144
1919 0.66148
1920 0.66156
1921 0.6616
1922 0.66168
1923 0.66172
1924 0.66176
1925 0.6618
1926 0.66188
1927 0.66192
1928 0.66196
1929 0.662
1930 0.66204
1931 0.66208
1932 0.66212
1933 0.66216
1934 0.6622
1935 0.66224
1936 0.66228
1937 0.66232
1938 0.66236
1939 0.6624
1940 0.66244
1941 0.66248
1942 0.66252
1943 0.66256
1944 0.6626
1945 0.66264
1946 0.66272
1947 0.66276
1948 0.6628
1949 0.66284
1950 0.66288
1951 0.66292
1952 0.663
1953 0.66304
1954 0.66308
1955 0.66312
1956 0.66316
1957 0.6632
1958 0.66328
1959 0.66332
1960 0.66336
1961 0.6634
1962 0.66344
1963 0.66348
1964 0.66352
1965 0.66356
1966 0.6636
1967 0.66364
1968 0.66368
1969 0.66372
1970 0.66376
1971 0.6638
1972 0.66388
1973 0.66392
1974 0.66396
1975 0.664
1976 0.66408
1977 0.66412
1978 0.66416
1979 0.6642
1980 0.66428
1981 0.66432
1982 0.66436
1983 0.6644
1984 0.66444
1985 0.66448
1986 0.66452
1987 0.6646
1988 0.66464
1989 0.66468
1990 0.66472
1991 0.66476
1992 0.6648
1993 0.66488
1994 0.66492
1995 0.66496
1996 0.665
1997 0.66504
1998 0.66508
1999 0.66512
2000 0.66516
2001 0.6652
2002 0.66524
2003 0.66532
2004 0.66536
2005 0.6654
2006 0.66544
2007 0.66548
2008 0.66552
2009 0.66556
2010 0.6656
2011 0.66568
2012 0.66572
2013 0.66576
2014 0.6658
2015 0.66584
2016 0.66588
2017 0.66592
2018 0.66596
2019 0.666
2020 0.66604
2021 0.66608
2022 0.66612
2023 0.66616
2024 0.66624
2025 0.66628
2026 0.66632
2027 0.66636
2028 0.6664
2029 0.66644
2030 0.66648
2031 0.66652
2032 0.66656
2033 0.6666
2034 0.66664
2035 0.66668
2036 0.66672
2037 0.66676
2038 0.6668
2039 0.66684
2040 0.66688
2041 0.66692
2042 0.66696
2043 0.667
2044 0.66708
2045 0.66712
2046 0.66716
2047 0.6672
2048 0.66724
2049 0.66728
2050 0.66732
2051 0.66736
2052 0.6674
2053 0.66748
2054 0.66752
2055 0.66756
2056 0.6676
2057 0.66764
2058 0.66768
2059 0.66772
2060 0.66776
2061 0.6678
2062 0.66784
2063 0.66788
2064 0.66792
2065 0.66796
2066 0.668
2067 0.66804
2068 0.66808
2069 0.66812
2070 0.66816
2071 0.6682
2072 0.66824
2073 0.66828
2074 0.66832
2075 0.66836
2076 0.6684
2077 0.66844
2078 0.66848
2079 0.66852
2080 0.66856
2081 0.6686
2082 0.66864
2083 0.66868
2084 0.66872
2085 0.66876
2086 0.6688
2087 0.66884
2088 0.66888
2089 0.66892
2090 0.66896
2091 0.669
2092 0.66904
2093 0.66908
2094 0.66912
2095 0.66916
2096 0.6692
2097 0.66924
2098 0.66928
2099 0.66932
2100 0.66936
2101 0.6694
2102 0.66944
2103 0.66948
2104 0.66952
2105 0.66956
2106 0.6696
2107 0.66964
2108 0.66968
2109 0.66972
2110 0.66976
2111 0.6698
2112 0.66984
2113 0.66988
2114 0.66992
2115 0.66996
2116 0.67004
2117 0.67008
2118 0.67012
2119 0.67016
2120 0.6702
2121 0.67024
2122 0.67028
2123 0.67032
2124 0.67036
2125 0.6704
2126 0.67044
2127 0.67048
2128 0.67052
2129 0.67056
2130 0.6706
2131 0.67064
2132 0.67068
2133 0.67072
2134 0.67076
2135 0.6708
2136 0.67084
2137 0.67088
2138 0.67092
2139 0.67096
2140 0.671
2141 0.67104
2142 0.67108
2143 0.67112
2144 0.67116
2145 0.6712
2146 0.67124
2147 0.67128
2148 0.67132
2149 0.67136
2150 0.6714
2151 0.67144
2152 0.67148
2153 0.67152
2154 0.67156
2155 0.6716
2156 0.67164
2157 0.67168
2158 0.67176
2159 0.6718
2160 0.67184
2161 0.67188
2162 0.67192
2163 0.67196
2164 0.672
2165 0.67204
2166 0.67208
2167 0.67212
2168 0.67216
2169 0.6722
2170 0.67224
2171 0.67228
2172 0.67232
2173 0.67236
2174 0.6724
2175 0.67244
2176 0.67248
2177 0.67252
2178 0.67256
2179 0.6726
2180 0.67264
2181 0.67268
2182 0.67272
2183 0.67276
2184 0.6728
2185 0.67284
2186 0.67288
2187 0.67292
2188 0.67296
2189 0.673
2190 0.67304
2191 0.67308
2192 0.67312
2193 0.67316
2194 0.6732
2195 0.67324
2196 0.67328
2197 0.67332
2198 0.67336
2199 0.6734
2200 0.67348
2201 0.67352
2202 0.67356
2203 0.6736
2204 0.67364
2205 0.67368
2206 0.67372
2207 0.67376
2208 0.67384
2209 0.67388
2210 0.67392
2211 0.67396
2212 0.674
2213 0.67404
2214 0.67408
2215 0.67412
2216 0.67416
2217 0.6742
2218 0.67424
2219 0.67428
2220 0.67432
2221 0.67436
2222 0.6744
2223 0.67444
2224 0.67448
2225 0.67452
2226 0.67456
2227 0.6746
2228 0.67464
2229 0.67468
2230 0.67472
2231 0.67476
2232 0.6748
2233 0.67484
2234 0.67488
2235 0.67492
2236 0.67496
2237 0.675
2238 0.67504
2239 0.67508
2240 0.67512
2241 0.67516
2242 0.6752
2243 0.67524
2244 0.67528
2245 0.67532
2246 0.67536
2247 0.6754
2248 0.67544
2249 0.67548
2250 0.67552
2251 0.67556
2252 0.6756
2253 0.67564
2254 0.67568
2255 0.67572
2256 0.67576
2257 0.6758
2258 0.67584
2259 0.67588
2260 0.67592
2261 0.67596
2262 0.676
2263 0.67604
2264 0.67608
2265 0.67612
2266 0.67616
2267 0.6762
2268 0.67624
2269 0.67628
2270 0.67632
2271 0.67636
2272 0.6764
2273 0.67644
2274 0.67648
2275 0.67652
2276 0.67656
2277 0.6766
2278 0.67664
2279 0.67668
2280 0.67672
2281 0.67676
2282 0.6768
2283 0.67684
2284 0.67688
2285 0.67692
2286 0.67696
2287 0.677
2288 0.67704
2289 0.67708
2290 0.67712
2291 0.67716
2292 0.6772
2293 0.67724
2294 0.67728
2295 0.67732
2296 0.67736
2297 0.6774
2298 0.67744
2299 0.67748
2300 0.67752
2301 0.67756
2302 0.6776
2303 0.67764
2304 0.67768
2305 0.67772
2306 0.67776
2307 0.6778
2308 0.67784
2309 0.67788
2310 0.67792
2311 0.67796
2312 0.678
2313 0.67804
2314 0.67808
2315 0.67812
2316 0.67816
2317 0.6782
2318 0.67824
2319 0.67828
2320 0.67832
2321 0.67836
2322 0.6784
2323 0.67844
2324 0.67848
2325 0.67852
2326 0.67856
2327 0.6786
2328 0.67864
2329 0.67868
2330 0.67872
2331 0.67876
2332 0.6788
2333 0.67884
2334 0.67888
2335 0.67892
2336 0.67896
2337 0.67896
2338 0.67896
2339 0.67896
2340 0.67896
2341 0.67896
2342 0.67896
2343 0.67896
2344 0.67896
2345 0.67896
2346 0.67896
2347 0.67896
2348 0.67896
2349 0.67896
2350 0.67896
2351 0.67896
2352 0.67896
2353 0.67896
2354 0.67896
2355 0.67896
2356 0.67896
2357 0.67896
2358 0.67896
2359 0.67896
2360 0.67896
2361 0.67896
2362 0.67896
2363 0.67896
2364 0.67896
2365 0.67896
2366 0.67896
2367 0.67896
2368 0.67896
2369 0.67896
2370 0.67896
2371 0.67896
2372 0.67896
2373 0.67896
2374 0.67896
2375 0.67896
2376 0.67896
2377 0.67896
2378 0.67896
2379 0.67896
2380 0.67896
2381 0.67896
2382 0.67896
2383 0.67896
2384 0.67896
2385 0.67896
2386 0.67896
2387 0.67896
2388 0.67896
2389 0.67896
2390 0.67896
2391 0.67896
2392 0.67896
2393 0.67896
2394 0.67896
2395 0.67896
2396 0.67896
2397 0.67896
2398 0.67896
2399 0.67896
2400 0.67896
2401 0.67896
2402 0.67896
2403 0.67896
2404 0.67896
2405 0.67896
2406 0.67896
2407 0.67896
2408 0.67896
2409 0.67896
2410 0.67896
2411 0.67896
2412 0.67896
2413 0.67896
2414 0.67896
2415 0.67896
2416 0.67896
2417 0.67896
2418 0.67896
2419 0.67896
2420 0.67896
2421 0.67896
2422 0.67896
2423 0.67896
2424 0.67896
2425 0.67896
2426 0.67896
2427 0.67896
2428 0.67896
2429 0.67896
2430 0.67896
2431 0.67896
2432 0.67896
2433 0.67896
2434 0.67896
2435 0.67896
2436 0.67896
2437 0.67896
2438 0.67896
2439 0.67896
2440 0.67896
2441 0.67896
2442 0.67896
2443 0.67896
2444 0.67896
2445 0.67896
2446 0.67896
2447 0.67896
2448 0.67896
2449 0.67896
2450 0.67896
2451 0.67896
2452 0.67896
2453 0.67896
2454 0.67896
2455 0.67896
2456 0.67896
2457 0.67896
2458 0.67896
2459 0.67896
2460 0.67896
2461 0.67896
2462 0.67896
2463 0.67896
2464 0.67896
2465 0.67896
2466 0.67896
2467 0.67896
2468 0.67896
2469 0.67896
2470 0.67896
2471 0.67896
2472 0.67896
2473 0.67896
2474 0.67896
2475 0.67896
2476 0.67896
2477 0.67896
2478 0.67896
2479 0.67896
2480 0.67896
2481 0.67896
2482 0.67896
2483 0.67896
2484 0.67896
2485 0.67896
2486 0.67896
2487 0.67896
2488 0.67896
2489 0.67896
2490 0.67896
2491 0.67896
2492 0.67896
2493 0.67896
2494 0.67896
2495 0.67896
2496 0.67896
2497 0.67896
2498 0.67896
2499 0.67896
2500 0.67896
2501 0.67896
2502 0.67896
2503 0.67896
2504 0.67896
2505 0.67896
2506 0.67896
2507 0.67896
2508 0.67896
2509 0.67896
2510 0.67896
2511 0.67896
2512 0.67896
2513 0.67896
2514 0.67896
2515 0.67896
2516 0.67896
2517 0.67896
2518 0.67896
2519 0.67896
2520 0.67896
2521 0.67896
2522 0.67896
2523 0.67896
2524 0.67896
2525 0.67896
2526 0.67896
2527 0.67896
2528 0.67896
2529 0.67896
2530 0.67896
2531 0.67896
2532 0.67896
2533 0.67896
2534 0.67896
2535 0.67896
2536 0.67896
2537 0.67896
2538 0.67896
2539 0.67896
2540 0.67896
2541 0.67896
2542 0.67896
2543 0.67896
2544 0.67896
2545 0.67896
2546 0.67896
2547 0.67896
2548 0.67896
2549 0.67896
2550 0.67896
2551 0.67896
2552 0.67896
2553 0.67896
2554 0.67896
2555 0.67896
2556 0.67896
2557 0.67896
2558 0.67896
2559 0.67896
2560 0.67896
2561 0.67896
2562 0.67896
2563 0.67896
2564 0.67896
2565 0.67896
2566 0.67896
2567 0.67896
2568 0.67896
2569 0.67896
2570 0.67896
2571 0.67896
2572 0.67896
2573 0.67896
2574 0.67896
2575 0.67896
2576 0.67896
2577 0.67896
2578 0.67896
2579 0.67896
2580 0.67896
2581 0.67896
2582 0.67896
2583 0.67896
2584 0.67896
2585 0.67896
2586 0.67896
2587 0.67896
2588 0.67896
2589 0.67896
2590 0.67896
2591 0.67896
2592 0.67896
2593 0.67896
2594 0.67896
2595 0.67896
2596 0.67896
2597 0.67896
2598 0.67896
2599 0.67896
2600 0.67896
2601 0.67896
2602 0.67896
2603 0.67896
2604 0.67896
2605 0.67896
2606 0.67896
2607 0.67896
2608 0.67896
2609 0.67896
2610 0.67896
2611 0.67896
2612 0.67896
2613 0.67896
2614 0.67896
2615 0.67896
2616 0.67896
2617 0.67896
2618 0.67896
2619 0.67896
2620 0.67896
2621 0.67896
2622 0.67896
2623 0.67896
2624 0.67896
2625 0.67896
2626 0.67896
2627 0.67896
2628 0.67896
2629 0.67896
2630 0.67896
2631 0.67896
2632 0.67896
2633 0.67896
2634 0.67896
2635 0.67896
2636 0.67896
2637 0.67896
2638 0.67896
2639 0.67896
2640 0.67896
2641 0.67896
2642 0.67896
2643 0.67896
2644 0.67896
2645 0.67896
2646 0.67896
2647 0.67896
2648 0.67896
2649 0.67896
2650 0.67896
2651 0.67896
2652 0.67896
2653 0.67896
2654 0.67896
2655 0.67896
2656 0.67896
2657 0.67896
2658 0.67896
2659 0.67896
2660 0.67896
2661 0.67896
2662 0.67896
2663 0.67896
2664 0.67896
2665 0.67896
2666 0.67896
2667 0.67896
2668 0.67896
2669 0.67896
2670 0.67896
2671 0.67896
2672 0.67896
2673 0.67896
2674 0.67896
2675 0.67896
2676 0.67896
2677 0.67896
2678 0.67896
2679 0.67896
2680 0.67896
2681 0.67896
2682 0.67896
2683 0.67896
2684 0.67896
2685 0.67896
2686 0.67896
2687 0.67896
2688 0.67896
2689 0.67896
2690 0.67896
2691 0.67896
2692 0.67896
2693 0.67896
2694 0.67896
2695 0.67896
2696 0.67896
2697 0.67896
2698 0.67896
2699 0.67896
2700 0.67896
2701 0.67896
2702 0.67896
2703 0.67896
2704 0.67896
2705 0.67896
2706 0.67896
2707 0.67896
2708 0.67896
2709 0.67896
2710 0.67896
2711 0.67896
2712 0.67896
2713 0.67896
2714 0.67896
2715 0.67896
2716 0.67896
2717 0.67896
2718 0.67896
2719 0.67896
2720 0.67896
2721 0.67896
2722 0.67896
2723 0.67896
2724 0.67896
2725 0.67896
2726 0.67896
2727 0.67896
2728 0.67896
2729 0.67896
2730 0.67896
2731 0.67896
2732 0.67896
2733 0.67896
2734 0.67896
2735 0.67896
2736 0.67896
2737 0.67896
2738 0.67896
2739 0.67896
2740 0.67896
2741 0.67896
2742 0.67896
2743 0.67896
2744 0.67896
2745 0.67896
2746 0.67896
2747 0.67896
2748 0.67896
2749 0.67896
2750 0.67896
2751 0.67896
2752 0.67896
2753 0.67896
2754 0.67896
2755 0.67896
2756 0.67896
2757 0.67896
2758 0.67896
2759 0.67896
2760 0.67896
2761 0.67896
2762 0.67896
2763 0.67896
2764 0.67896
2765 0.67896
2766 0.67896
2767 0.67896
2768 0.67896
2769 0.67896
2770 0.67896
2771 0.67896
2772 0.67896
2773 0.67896
2774 0.67896
2775 0.67896
2776 0.67896
2777 0.67896
2778 0.67896
2779 0.67896
2780 0.67896
2781 0.67896
2782 0.67896
2783 0.67896
2784 0.67896
2785 0.67896
2786 0.67896
2787 0.67896
2788 0.67896
2789 0.67896
2790 0.67896
2791 0.67896
2792 0.67896
2793 0.67896
2794 0.67896
2795 0.67896
2796 0.67896
2797 0.67896
2798 0.67896
2799 0.67896
2800 0.67896
2801 0.67896
2802 0.67896
2803 0.67896
2804 0.67896
2805 0.67896
2806 0.67896
2807 0.67896
2808 0.67896
2809 0.67896
2810 0.67896
2811 0.67896
2812 0.67896
2813 0.67896
2814 0.67896
2815 0.67896
2816 0.67896
2817 0.67896
2818 0.67896
2819 0.67896
2820 0.67896
2821 0.67896
2822 0.67896
2823 0.67896
2824 0.67896
2825 0.67896
2826 0.67896
2827 0.67896
2828 0.67896
2829 0.67896
2830 0.67896
2831 0.67896
2832 0.67896
2833 0.67896
2834 0.67896
2835 0.67896
2836 0.67896
2837 0.67896
2838 0.67896
2839 0.67896
2840 0.67896
2841 0.67896
2842 0.67896
2843 0.67896
2844 0.67896
2845 0.67896
2846 0.67896
2847 0.67896
2848 0.67896
2849 0.67896
2850 0.67896
2851 0.67896
2852 0.67896
2853 0.67896
2854 0.67896
2855 0.67896
2856 0.67896
2857 0.67896
2858 0.67896
2859 0.67896
2860 0.67896
2861 0.67896
2862 0.67896
2863 0.67896
2864 0.67896
2865 0.67896
2866 0.67896
2867 0.67896
2868 0.67896
2869 0.67896
2870 0.67896
2871 0.67896
2872 0.67896
2873 0.67896
2874 0.67896
2875 0.67896
2876 0.67896
2877 0.67896
2878 0.67896
2879 0.67896
2880 0.67896
2881 0.67896
2882 0.67896
2883 0.67896
2884 0.67896
2885 0.67896
2886 0.67896
2887 0.67896
2888 0.67896
2889 0.67896
2890 0.67896
2891 0.67896
2892 0.67896
2893 0.67896
2894 0.67896
2895 0.67896
2896 0.67896
2897 0.67896
2898 0.67896
2899 0.67896
2900 0.67896
2901 0.67896
2902 0.67896
2903 0.67896
2904 0.67896
2905 0.67896
2906 0.67896
2907 0.67896
2908 0.67896
2909 0.67896
2910 0.67896
2911 0.67896
2912 0.67896
2913 0.67896
2914 0.67896
2915 0.67896
2916 0.67896
2917 0.67896
2918 0.67896
2919 0.67896
2920 0.67896
2921 0.67896
2922 0.67896
2923 0.67896
2924 0.67896
2925 0.67896
2926 0.67896
2927 0.67896
2928 0.67896
2929 0.67896
2930 0.67896
2931 0.67896
2932 0.67896
2933 0.67896
2934 0.67896
2935 0.67896
2936 0.67896
2937 0.67896
2938 0.67896
2939 0.67896
2940 0.67896
2941 0.67896
2942 0.67896
2943 0.67896
2944 0.67896
2945 0.67896
2946 0.67896
2947 0.67896
2948 0.67896
2949 0.67896
2950 0.67896
2951 0.67896
2952 0.67896
2953 0.67896
2954 0.67896
2955 0.67896
2956 0.67896
2957 0.67896
2958 0.67896
2959 0.67896
2960 0.67896
2961 0.67896
2962 0.67896
2963 0.67896
2964 0.67896
2965 0.67896
2966 0.67896
2967 0.67896
2968 0.67896
2969 0.67896
2970 0.67896
2971 0.67896
2972 0.67896
2973 0.67896
2974 0.67896
2975 0.67896
2976 0.67896
2977 0.67896
2978 0.67896
2979 0.67896
2980 0.67896
2981 0.67896
2982 0.67896
2983 0.67896
2984 0.67896
2985 0.67896
2986 0.67896
2987 0.67896
2988 0.67896
2989 0.67896
2990 0.67896
2991 0.67896
2992 0.67896
2993 0.67896
2994 0.67896
2995 0.67896
2996 0.67896
2997 0.67896
2998 0.67896
2999 0.67896
3000 0.67896
3001 0.67896
3002 0.67896
3003 0.67896
3004 0.67896
3005 0.67896
3006 0.67896
3007 0.67896
3008 0.67896
3009 0.67896
3010 0.67896
3011 0.67896
3012 0.67896
3013 0.67896
3014 0.67896
3015 0.67896
3016 0.67896
3017 0.67896
3018 0.67896
3019 0.67896
3020 0.67896
3021 0.67896
3022 0.67896
3023 0.67896
3024 0.67896
3025 0.67896
3026 0.67896
3027 0.67896
3028 0.67896
3029 0.67896
3030 0.67896
3031 0.67896
3032 0.67896
3033 0.67896
3034 0.67896
3035 0.67896
3036 0.67896
3037 0.67896
3038 0.67896
3039 0.67896
3040 0.67896
3041 0.67896
3042 0.67896
3043 0.67896
3044 0.67896
3045 0.67896
3046 0.67896
3047 0.67896
3048 0.67896
3049 0.67896
3050 0.67896
3051 0.67896
3052 0.67896
3053 0.67896
3054 0.67896
3055 0.67896
3056 0.67896
3057 0.67896
3058 0.67896
3059 0.67896
3060 0.67896
3061 0.67896
3062 0.67896
3063 0.67896
3064 0.67896
3065 0.67896
3066 0.67896
3067 0.67896
3068 0.67896
3069 0.67896
3070 0.67896
3071 0.67896
3072 0.67896
3073 0.67896
3074 0.67896
3075 0.67896
3076 0.67896
3077 0.67896
3078 0.67896
3079 0.67896
3080 0.67896
3081 0.67896
3082 0.67896
3083 0.67896
3084 0.67896
3085 0.67896
3086 0.67896
3087 0.67896
3088 0.67896
3089 0.67896
3090 0.67896
3091 0.67896
3092 0.67896
3093 0.67896
3094 0.67896
3095 0.67896
3096 0.67896
3097 0.67896
3098 0.67896
3099 0.67896
3100 0.67896
3101 0.67896
3102 0.67896
3103 0.67896
3104 0.67896
3105 0.67896
3106 0.67896
3107 0.67896
3108 0.67896
3109 0.67896
3110 0.67896
3111 0.67896
3112 0.67896
3113 0.67896
3114 0.67896
3115 0.67896
3116 0.67896
3117 0.67896
3118 0.67896
3119 0.67896
3120 0.67896
3121 0.67896
3122 0.67896
3123 0.67896
3124 0.67896
3125 0.67896
3126 0.67896
3127 0.67896
3128 0.67896
3129 0.67896
3130 0.67896
3131 0.67896
3132 0.67896
3133 0.67896
3134 0.67896
3135 0.67896
3136 0.67896
3137 0.67896
3138 0.67896
3139 0.67896
3140 0.67896
3141 0.67896
3142 0.67896
3143 0.67896
3144 0.67896
3145 0.67896
3146 0.67896
3147 0.67896
3148 0.67896
3149 0.67896
3150 0.67896
3151 0.67896
3152 0.67896
3153 0.67896
3154 0.67896
3155 0.67896
3156 0.67896
3157 0.67896
3158 0.67896
3159 0.67896
3160 0.67896
3161 0.67896
3162 0.67896
3163 0.67896
3164 0.67896
3165 0.67896
3166 0.67896
3167 0.67896
3168 0.67896
3169 0.67896
3170 0.67896
3171 0.67896
3172 0.67896
3173 0.67896
3174 0.67896
3175 0.67896
3176 0.67896
3177 0.67896
3178 0.67896
3179 0.67896
3180 0.67896
3181 0.67896
3182 0.67896
3183 0.67896
3184 0.67896
3185 0.67896
3186 0.67896
3187 0.67896
3188 0.67896
3189 0.67896
3190 0.67896
3191 0.67896
3192 0.67896
3193 0.67896
3194 0.67896
3195 0.67896
3196 0.67896
3197 0.67896
3198 0.67896
3199 0.67896
3200 0.67896
3201 0.67896
3202 0.67896
3203 0.67896
3204 0.67896
3205 0.67896
3206 0.67896
3207 0.67896
3208 0.67896
3209 0.67896
3210 0.67896
3211 0.67896
3212 0.67896
3213 0.67896
3214 0.67896
3215 0.67896
3216 0.67896
3217 0.67896
3218 0.67896
3219 0.67896
3220 0.67896
3221 0.67896
3222 0.67896
3223 0.67896
3224 0.67896
3225 0.67896
3226 0.67896
3227 0.67896
3228 0.67896
3229 0.67896
3230 0.67896
3231 0.67896
3232 0.67896
3233 0.67896
3234 0.67896
3235 0.67896
3236 0.67896
3237 0.67896
3238 0.67896
3239 0.67896
3240 0.67896
3241 0.67896
3242 0.67896
3243 0.67896
3244 0.67896
3245 0.67896
3246 0.67896
3247 0.67896
3248 0.67896
3249 0.67896
3250 0.67896
3251 0.67896
3252 0.67896
3253 0.67896
3254 0.67896
3255 0.67896
3256 0.67896
3257 0.67896
3258 0.67896
3259 0.67896
3260 0.67896
3261 0.67896
3262 0.67896
3263 0.67896
3264 0.67896
3265 0.67896
3266 0.67896
3267 0.67896
3268 0.67896
3269 0.67896
3270 0.67896
3271 0.67896
3272 0.67896
3273 0.67896
3274 0.67896
3275 0.67896
3276 0.67896
3277 0.67896
3278 0.67896
3279 0.67896
3280 0.67896
3281 0.67896
3282 0.67896
3283 0.67896
3284 0.67896
3285 0.67896
3286 0.67896
3287 0.67896
3288 0.67896
3289 0.67896
3290 0.67896
3291 0.67896
3292 0.67896
3293 0.67896
3294 0.67896
3295 0.67896
3296 0.67896
3297 0.67896
3298 0.67896
3299 0.67896
3300 0.67896
3301 0.67896
3302 0.67896
3303 0.67896
3304 0.67896
3305 0.67896
3306 0.67896
3307 0.67896
3308 0.67896
3309 0.67896
3310 0.67896
3311 0.67896
3312 0.67896
3313 0.67896
3314 0.67896
3315 0.67896
3316 0.67896
3317 0.67896
3318 0.67896
3319 0.67896
3320 0.67896
3321 0.67896
3322 0.67896
3323 0.67896
3324 0.67896
3325 0.67896
3326 0.67896
3327 0.67896
3328 0.67896
3329 0.67896
3330 0.67896
3331 0.67896
3332 0.67896
3333 0.67896
3334 0.67896
3335 0.67896
3336 0.67896
3337 0.67896
3338 0.67896
3339 0.67896
3340 0.67896
3341 0.67896
3342 0.67896
3343 0.67896
3344 0.67896
3345 0.67896
3346 0.67896
3347 0.67896
3348 0.67896
3349 0.67896
3350 0.67896
3351 0.67896
3352 0.67896
3353 0.67896
3354 0.67896
3355 0.67896
3356 0.67896
3357 0.67896
3358 0.67896
3359 0.67896
3360 0.67896
3361 0.67896
3362 0.67896
3363 0.67896
3364 0.67896
3365 0.67896
3366 0.67896
3367 0.67896
3368 0.67896
3369 0.67896
3370 0.67896
3371 0.67896
3372 0.67896
3373 0.67896
3374 0.67896
3375 0.67896
3376 0.67896
3377 0.67896
3378 0.67896
3379 0.67896
3380 0.67896
3381 0.67896
3382 0.67896
3383 0.67896
3384 0.67896
3385 0.67896
3386 0.67896
3387 0.67896
3388 0.67896
3389 0.67896
3390 0.67896
3391 0.67896
3392 0.67896
3393 0.67896
3394 0.67896
3395 0.67896
3396 0.67896
3397 0.67896
3398 0.67896
3399 0.67896
3400 0.67896
3401 0.67896
3402 0.67896
3403 0.67896
3404 0.67896
3405 0.67896
3406 0.67896
3407 0.67896
3408 0.67896
3409 0.67896
3410 0.67896
3411 0.67896
3412 0.67896
3413 0.67896
3414 0.67896
3415 0.67896
3416 0.67896
3417 0.67896
3418 0.67896
3419 0.67896
3420 0.67896
3421 0.67896
3422 0.67896
3423 0.67896
3424 0.67896
3425 0.67896
3426 0.67896
3427 0.67896
3428 0.67896
3429 0.67896
3430 0.67896
3431 0.67896
3432 0.67896
3433 0.67896
3434 0.67896
3435 0.67896
3436 0.67896
3437 0.67896
3438 0.67896
3439 0.67896
3440 0.67896
3441 0.67896
3442 0.67896
3443 0.67896
3444 0.67896
3445 0.67896
3446 0.67896
3447 0.67896
3448 0.67896
3449 0.67896
3450 0.67896
3451 0.67896
3452 0.67896
3453 0.67896
3454 0.67896
3455 0.67896
3456 0.67896
3457 0.67896
3458 0.67896
3459 0.67896
3460 0.67896
3461 0.67896
3462 0.67896
3463 0.67896
3464 0.67896
3465 0.67896
3466 0.67896
3467 0.67896
3468 0.67896
3469 0.67896
3470 0.67896
3471 0.67896
3472 0.67896
3473 0.67896
3474 0.67896
3475 0.67896
3476 0.67896
3477 0.67896
3478 0.67896
3479 0.67896
3480 0.67896
3481 0.67896
3482 0.67896
3483 0.67896
3484 0.67896
3485 0.67896
3486 0.67896
3487 0.67896
3488 0.67896
3489 0.67896
3490 0.67896
3491 0.67896
3492 0.67896
3493 0.67896
3494 0.67896
3495 0.67896
3496 0.67896
3497 0.67896
3498 0.67896
3499 0.67896
3500 0.67896
3501 0.67896
3502 0.67896
3503 0.67896
3504 0.67896
3505 0.67896
3506 0.67896
3507 0.67896
3508 0.67896
3509 0.67896
3510 0.67896
3511 0.67896
3512 0.67896
3513 0.67896
3514 0.67896
3515 0.67896
3516 0.67896
3517 0.67896
3518 0.67896
3519 0.67896
3520 0.67896
3521 0.67896
3522 0.67896
3523 0.67896
3524 0.67896
3525 0.67896
3526 0.67896
3527 0.67896
3528 0.67896
3529 0.67896
3530 0.67896
3531 0.67896
3532 0.67896
3533 0.67896
3534 0.67896
3535 0.67896
3536 0.67896
3537 0.67896
3538 0.67896
3539 0.67896
3540 0.67896
3541 0.67896
3542 0.67896
3543 0.67896
3544 0.67896
3545 0.67896
3546 0.67896
3547 0.67896
3548 0.67896
3549 0.67896
3550 0.67896
3551 0.67896
3552 0.67896
3553 0.67896
3554 0.67896
3555 0.67896
3556 0.67896
3557 0.67896
3558 0.67896
3559 0.67896
3560 0.67896
3561 0.67896
3562 0.67896
3563 0.67896
3564 0.67896
3565 0.67896
3566 0.67896
3567 0.67896
3568 0.67896
3569 0.67896
3570 0.67896
3571 0.67896
3572 0.67896
3573 0.67896
3574 0.67896
3575 0.67896
3576 0.67896
3577 0.67896
3578 0.67896
3579 0.67896
3580 0.67896
3581 0.67896
3582 0.67896
3583 0.67896
3584 0.67896
3585 0.67896
3586 0.67896
3587 0.67896
3588 0.67896
3589 0.67896
3590 0.67896
3591 0.67896
3592 0.67896
3593 0.67896
3594 0.67896
3595 0.67896
3596 0.67896
3597 0.67896
3598 0.67896
3599 0.67896
3600 0.67896
3601 0.67896
3602 0.67896
3603 0.67896
3604 0.67896
3605 0.67896
3606 0.67896
3607 0.67896
3608 0.67896
3609 0.67896
3610 0.67896
3611 0.67896
3612 0.67896
3613 0.67896
3614 0.67896
3615 0.67896
3616 0.67896
3617 0.67896
3618 0.67896
3619 0.67896
3620 0.67896
3621 0.67896
3622 0.67896
3623 0.67896
3624 0.67896
3625 0.67896
3626 0.67896
3627 0.67896
3628 0.67896
3629 0.67896
3630 0.67896
3631 0.67896
3632 0.67896
3633 0.67896
3634 0.67896
3635 0.67896
3636 0.67896
3637 0.67896
3638 0.67896
3639 0.67896
3640 0.67896
3641 0.67896
3642 0.67896
3643 0.67896
3644 0.67896
3645 0.67896
3646 0.67896
3647 0.67896
3648 0.67896
3649 0.67896
3650 0.67896
3651 0.67896
3652 0.67896
3653 0.67896
3654 0.67896
3655 0.67896
3656 0.67896
3657 0.67896
3658 0.67896
3659 0.67896
3660 0.67896
3661 0.67896
3662 0.67896
3663 0.67896
3664 0.67896
3665 0.67896
3666 0.67896
3667 0.67896
3668 0.67896
3669 0.67896
3670 0.67896
3671 0.67896
3672 0.67896
3673 0.67896
3674 0.67896
3675 0.67896
3676 0.67896
3677 0.67896
3678 0.67896
3679 0.67896
3680 0.67896
3681 0.67896
3682 0.67896
3683 0.67896
3684 0.67896
3685 0.67896
3686 0.67896
3687 0.67896
3688 0.67896
3689 0.67896
3690 0.67896
3691 0.67896
3692 0.67896
3693 0.67896
3694 0.67896
3695 0.67896
3696 0.67896
3697 0.67896
3698 0.67896
3699 0.67896
3700 0.67896
3701 0.67896
3702 0.67896
3703 0.67896
3704 0.67896
3705 0.67896
3706 0.67896
3707 0.67896
3708 0.67896
3709 0.67896
3710 0.67896
3711 0.67896
3712 0.67896
3713 0.67896
3714 0.67896
3715 0.67896
3716 0.67896
3717 0.67896
3718 0.67896
3719 0.67896
3720 0.67896
3721 0.67896
3722 0.67896
3723 0.67896
3724 0.67896
3725 0.67896
3726 0.67896
3727 0.67896
3728 0.67896
3729 0.67896
3730 0.67896
3731 0.67896
3732 0.67896
3733 0.67896
3734 0.67896
3735 0.67896
3736 0.67896
3737 0.67896
3738 0.67896
3739 0.67896
3740 0.67896
3741 0.67896
3742 0.67896
3743 0.67896
3744 0.67896
3745 0.67896
3746 0.67896
3747 0.67896
3748 0.67896
3749 0.67896
3750 0.67896
3751 0.67896
3752 0.67896
3753 0.67896
3754 0.67896
3755 0.67896
3756 0.67896
3757 0.67896
3758 0.67896
3759 0.67896
3760 0.67896
3761 0.67896
3762 0.67896
3763 0.67896
3764 0.67896
3765 0.67896
3766 0.67896
3767 0.67896
3768 0.67896
3769 0.67896
3770 0.67896
3771 0.67896
3772 0.67896
3773 0.67896
3774 0.67896
3775 0.67896
3776 0.67896
3777 0.67896
3778 0.67896
3779 0.67896
3780 0.67896
3781 0.67896
3782 0.67896
3783 0.67896
3784 0.67896
3785 0.67896
3786 0.67896
3787 0.67896
3788 0.67896
3789 0.67896
3790 0.67896
3791 0.67896
3792 0.67896
3793 0.67896
3794 0.67896
3795 0.67896
3796 0.67896
3797 0.67896
3798 0.67896
3799 0.67896
3800 0.67896
3801 0.67896
3802 0.67896
3803 0.67896
3804 0.67896
3805 0.67896
3806 0.67896
3807 0.67896
3808 0.67896
3809 0.67896
3810 0.67896
3811 0.67896
3812 0.67896
3813 0.67896
3814 0.67896
3815 0.67896
3816 0.67896
3817 0.67896
3818 0.67896
3819 0.67896
3820 0.67896
3821 0.67896
3822 0.67896
3823 0.67896
3824 0.67896
3825 0.67896
3826 0.67896
3827 0.67896
3828 0.67896
3829 0.67896
3830 0.67896
3831 0.67896
3832 0.67896
3833 0.67896
3834 0.67896
3835 0.67896
3836 0.67896
3837 0.67896
3838 0.67896
3839 0.67896
3840 0.67896
3841 0.67896
3842 0.67896
3843 0.67896
3844 0.67896
3845 0.67896
3846 0.67896
3847 0.67896
3848 0.67896
3849 0.67896
3850 0.67896
3851 0.67896
3852 0.67896
3853 0.67896
3854 0.67896
3855 0.67896
3856 0.67896
3857 0.67896
3858 0.67896
3859 0.67896
3860 0.67896
3861 0.67896
3862 0.67896
3863 0.67896
3864 0.67896
3865 0.67896
3866 0.67896
3867 0.67896
3868 0.67896
3869 0.67896
3870 0.67896
3871 0.67896
3872 0.67896
3873 0.67896
3874 0.67896
3875 0.67896
3876 0.67896
3877 0.67896
3878 0.67896
3879 0.67896
3880 0.67896
3881 0.67896
3882 0.67896
3883 0.67896
3884 0.67896
3885 0.67896
3886 0.67896
3887 0.67896
3888 0.67896
3889 0.67896
3890 0.67896
3891 0.67896
3892 0.67896
3893 0.67896
3894 0.67896
3895 0.67896
3896 0.67896
3897 0.67896
3898 0.67896
3899 0.67896
3900 0.67896
3901 0.67896
3902 0.67896
3903 0.67896
3904 0.67896
3905 0.67896
3906 0.67896
3907 0.67896
3908 0.67896
3909 0.67896
3910 0.67896
3911 0.67896
3912 0.67896
3913 0.67896
3914 0.67896
3915 0.67896
3916 0.67896
3917 0.67896
3918 0.67896
3919 0.67896
3920 0.67896
3921 0.67896
3922 0.67896
3923 0.67896
3924 0.67896
3925 0.67896
3926 0.67896
3927 0.67896
3928 0.67896
3929 0.67896
3930 0.67896
3931 0.67896
3932 0.67896
3933 0.67896
3934 0.67896
3935 0.67896
3936 0.67896
3937 0.67896
3938 0.67896
3939 0.67896
3940 0.67896
3941 0.67896
3942 0.67896
3943 0.67896
3944 0.67896
3945 0.67896
3946 0.67896
3947 0.67896
3948 0.67896
3949 0.67896
3950 0.67896
3951 0.67896
3952 0.67896
3953 0.67896
3954 0.67896
3955 0.67896
3956 0.67896
3957 0.67896
3958 0.67896
3959 0.67896
3960 0.67896
3961 0.67896
3962 0.67896
3963 0.67896
3964 0.67896
3965 0.67896
3966 0.67896
3967 0.67896
3968 0.67896
3969 0.67896
3970 0.67896
3971 0.67896
3972 0.67896
3973 0.67896
3974 0.67896
3975 0.67896
3976 0.67896
3977 0.67896
3978 0.67896
3979 0.67896
3980 0.67896
3981 0.67896
3982 0.67896
3983 0.67896
3984 0.67896
3985 0.67896
3986 0.67896
3987 0.67896
3988 0.67896
3989 0.67896
3990 0.67896
3991 0.67896
3992 0.67896
3993 0.67896
3994 0.67896
3995 0.67896
3996 0.67896
3997 0.67896
3998 0.67896
3999 0.67896
4000 0.67896
4001 0.67896
4002 0.67896
4003 0.67896
4004 0.67896
4005 0.67896
4006 0.67896
4007 0.67896
4008 0.67896
4009 0.67896
4010 0.67896
4011 0.67896
4012 0.67896
4013 0.67896
4014 0.67896
4015 0.67896
4016 0.67896
4017 0.67896
4018 0.67896
4019 0.67896
4020 0.67896
4021 0.67896
4022 0.67896
4023 0.67896
4024 0.67896
4025 0.67896
4026 0.67896
4027 0.67896
4028 0.67896
4029 0.67896
4030 0.67896
4031 0.67896
4032 0.67896
4033 0.67896
4034 0.67896
4035 0.67896
4036 0.67896
4037 0.67896
4038 0.67896
4039 0.67896
4040 0.67896
4041 0.67896
4042 0.67896
4043 0.67896
4044 0.67896
4045 0.67896
4046 0.67896
4047 0.67896
4048 0.67896
4049 0.67896
4050 0.67896
4051 0.67896
4052 0.67896
4053 0.67896
4054 0.67896
4055 0.67896
4056 0.67896
4057 0.67896
4058 0.67896
4059 0.67896
4060 0.67896
4061 0.67896
4062 0.67896
4063 0.67896
4064 0.67896
4065 0.67896
4066 0.67896
4067 0.67896
4068 0.67896
4069 0.67896
4070 0.67896
4071 0.67896
4072 0.67896
4073 0.67896
4074 0.67896
4075 0.67896
4076 0.67896
4077 0.67896
4078 0.67896
4079 0.67896
4080 0.67896
4081 0.67896
4082 0.67896
4083 0.67896
4084 0.67896
4085 0.67896
4086 0.67896
4087 0.67896
4088 0.67896
4089 0.67896
4090 0.67896
4091 0.67896
4092 0.67896
4093 0.67896
4094 0.67896
4095 0.67896
4096 0.67896
4097 0.67896
4098 0.67896
4099 0.67896
4100 0.67896
4101 0.67896
4102 0.67896
4103 0.67896
4104 0.67896
4105 0.67896
4106 0.67896
4107 0.67896
4108 0.67896
4109 0.67896
4110 0.67896
4111 0.67896
4112 0.67896
4113 0.67896
4114 0.67896
4115 0.67896
4116 0.67896
4117 0.67896
4118 0.67896
4119 0.67896
4120 0.67896
4121 0.67896
4122 0.67896
4123 0.67896
4124 0.67896
4125 0.67896
4126 0.67896
4127 0.67896
4128 0.67896
4129 0.67896
4130 0.67896
4131 0.67896
4132 0.67896
4133 0.67896
4134 0.67896
4135 0.67896
4136 0.67896
4137 0.67896
4138 0.67896
4139 0.67896
4140 0.67896
4141 0.67896
4142 0.67896
4143 0.67896
4144 0.67896
4145 0.67896
4146 0.67896
4147 0.67896
4148 0.67896
4149 0.67896
4150 0.67896
4151 0.67896
4152 0.67896
4153 0.67896
4154 0.67896
4155 0.67896
4156 0.67896
4157 0.67896
4158 0.67896
4159 0.67896
4160 0.67896
4161 0.67896
4162 0.67896
4163 0.67896
4164 0.67896
4165 0.67896
4166 0.67896
4167 0.67896
4168 0.67896
4169 0.67896
4170 0.67896
4171 0.67896
4172 0.67896
4173 0.67896
4174 0.67896
4175 0.67896
4176 0.67896
4177 0.67896
4178 0.67896
4179 0.67896
4180 0.67896
4181 0.67896
4182 0.67896
4183 0.67896
4184 0.67896
4185 0.67896
4186 0.67896
4187 0.67896
4188 0.67896
4189 0.67896
4190 0.67896
4191 0.67896
4192 0.67896
4193 0.67896
4194 0.67896
4195 0.67896
4196 0.67896
4197 0.67896
4198 0.67896
4199 0.67896
4200 0.67896
4201 0.67896
4202 0.67896
4203 0.67896
4204 0.67896
4205 0.67896
4206 0.67896
4207 0.67896
4208 0.67896
4209 0.67896
4210 0.67896
4211 0.67896
4212 0.67896
4213 0.67896
4214 0.67896
4215 0.67896
4216 0.67896
4217 0.67896
4218 0.67896
4219 0.67896
4220 0.67896
4221 0.67896
4222 0.67896
4223 0.67896
4224 0.67896
4225 0.67896
4226 0.67896
4227 0.67896
4228 0.67896
4229 0.67896
4230 0.67896
4231 0.67896
4232 0.67896
4233 0.67896
4234 0.67896
4235 0.67896
4236 0.67896
4237 0.67896
4238 0.67896
4239 0.67896
4240 0.67896
4241 0.67896
4242 0.67896
4243 0.67896
4244 0.67896
4245 0.67896
4246 0.67896
4247 0.67896
4248 0.67896
4249 0.67896
4250 0.67896
4251 0.67896
4252 0.67896
4253 0.67896
4254 0.67896
4255 0.67896
4256 0.67896
4257 0.67896
4258 0.67896
4259 0.67896
4260 0.67896
4261 0.67896
4262 0.67896
4263 0.67896
4264 0.67896
4265 0.67896
4266 0.67896
4267 0.67896
4268 0.67896
4269 0.67896
4270 0.67896
4271 0.67896
4272 0.67896
4273 0.67896
4274 0.67896
4275 0.67896
4276 0.67896
4277 0.67896
4278 0.67896
4279 0.67896
4280 0.67896
4281 0.67896
4282 0.67896
4283 0.67896
4284 0.67896
4285 0.67896
4286 0.67896
4287 0.67896
4288 0.67896
4289 0.67896
4290 0.67896
4291 0.67896
4292 0.67896
4293 0.67896
4294 0.67896
4295 0.67896
4296 0.67896
4297 0.67896
4298 0.67896
4299 0.67896
4300 0.67896
4301 0.67896
4302 0.67896
4303 0.67896
4304 0.67896
4305 0.67896
4306 0.67896
4307 0.67896
4308 0.67896
4309 0.67896
4310 0.67896
4311 0.67896
4312 0.67896
4313 0.67896
4314 0.67896
4315 0.67896
4316 0.67896
4317 0.67896
4318 0.67896
4319 0.67896
4320 0.67896
4321 0.67896
4322 0.67896
4323 0.67896
4324 0.67896
4325 0.67896
4326 0.67896
4327 0.67896
4328 0.67896
4329 0.67896
4330 0.67896
4331 0.67896
4332 0.67896
4333 0.67896
4334 0.67896
4335 0.67896
4336 0.67896
4337 0.67896
4338 0.67896
4339 0.67896
4340 0.67896
4341 0.67896
4342 0.67896
4343 0.67896
4344 0.67896
4345 0.67896
4346 0.67896
4347 0.67896
4348 0.67896
4349 0.67896
4350 0.67896
4351 0.67896
4352 0.67896
4353 0.67896
4354 0.67896
4355 0.67896
4356 0.67896
4357 0.67896
4358 0.67896
4359 0.67896
4360 0.67896
4361 0.67896
4362 0.67896
4363 0.67896
4364 0.67896
4365 0.67896
4366 0.67896
4367 0.67896
4368 0.67896
4369 0.67896
4370 0.67896
4371 0.67896
4372 0.67896
4373 0.67896
4374 0.67896
4375 0.67896
4376 0.67896
4377 0.67896
4378 0.67896
4379 0.67896
4380 0.67896
4381 0.67896
4382 0.67896
4383 0.67896
4384 0.67896
4385 0.67896
4386 0.67896
4387 0.67896
4388 0.67896
4389 0.67896
4390 0.67896
4391 0.67896
4392 0.67896
4393 0.67896
4394 0.67896
4395 0.67896
4396 0.67896
4397 0.67896
4398 0.67896
4399 0.67896
4400 0.67896
4401 0.67896
4402 0.67896
4403 0.67896
4404 0.67896
4405 0.67896
4406 0.67896
4407 0.67896
4408 0.67896
4409 0.67896
4410 0.67896
4411 0.67896
4412 0.67896
4413 0.67896
4414 0.67896
4415 0.67896
4416 0.67896
4417 0.67896
4418 0.67896
4419 0.67896
4420 0.67896
4421 0.67896
4422 0.67896
4423 0.67896
4424 0.67896
4425 0.67896
4426 0.67896
4427 0.67896
4428 0.67896
4429 0.67896
4430 0.67896
4431 0.67896
4432 0.67896
4433 0.67896
4434 0.67896
4435 0.67896
4436 0.67896
4437 0.67896
4438 0.67896
4439 0.67896
4440 0.67896
4441 0.67896
4442 0.67896
4443 0.67896
4444 0.67896
4445 0.67896
4446 0.67896
4447 0.67896
4448 0.67896
4449 0.67896
4450 0.67896
4451 0.67896
4452 0.67896
4453 0.67896
4454 0.67896
4455 0.67896
4456 0.67896
4457 0.67896
4458 0.67896
4459 0.67896
4460 0.67896
4461 0.67896
4462 0.67896
4463 0.67896
4464 0.67896
4465 0.67896
4466 0.67896
4467 0.67896
4468 0.67896
4469 0.67896
4470 0.67896
4471 0.67896
4472 0.67896
4473 0.67896
4474 0.67896
4475 0.67896
4476 0.67896
4477 0.67896
4478 0.67896
4479 0.67896
4480 0.67896
4481 0.67896
4482 0.67896
4483 0.67896
4484 0.67896
4485 0.67896
4486 0.67896
4487 0.67896
4488 0.67896
4489 0.67896
4490 0.67896
4491 0.67896
4492 0.67896
4493 0.67896
4494 0.67896
4495 0.67896
4496 0.67896
4497 0.67896
4498 0.67896
4499 0.67896
4500 0.67896
4501 0.67896
4502 0.67896
4503 0.67896
4504 0.67896
4505 0.67896
4506 0.67896
4507 0.67896
4508 0.67896
4509 0.67896
4510 0.67896
4511 0.67896
4512 0.67896
4513 0.67896
4514 0.67896
4515 0.67896
4516 0.67896
4517 0.67896
4518 0.67896
4519 0.67896
4520 0.67896
4521 0.67896
4522 0.67896
4523 0.67896
4524 0.67896
4525 0.67896
4526 0.67896
4527 0.67896
4528 0.67896
4529 0.67896
4530 0.67896
4531 0.67896
4532 0.67896
4533 0.67896
4534 0.67896
4535 0.67896
4536 0.67896
4537 0.67896
4538 0.67896
