0 0.5252
1 0.5312
2 0.5336
3 0.534
4 0.5392
5 0.5396
6 0.5404
7 0.542
8 0.5452
9 0.5472
10 0.548
11 0.5512
12 0.5516
13 0.5556
14 0.558
15 0.5588
16 0.5608
17 0.5632
18 0.5636
19 0.5648
20 0.566
21 0.5684
22 0.5708
23 0.5724
24 0.574
25 0.5752
26 0.5768
27 0.5788
28 0.5804
29 0.5816
30 0.5824
31 0.5832
32 0.5848
33 0.586
34 0.5872
35 0.588
36 0.59
37 0.5904
38 0.5916
39 0.5932
40 0.594
41 0.5948
42 0.5956
43 0.5984
44 0.5992
45 0.6004
46 0.6012
47 0.6028
48 0.6036
49 0.6048
50 0.6052
51 0.6064
52 0.6068
53 0.608
54 0.6088
55 0.6108
56 0.6116
57 0.6128
58 0.6136
59 0.614
60 0.6152
61 0.616
62 0.6164
63 0.6184
64 0.6188
65 0.6196
66 0.6212
67 0.6224
68 0.624
69 0.6248
70 0.6252
71 0.626
72 0.6268
73 0.628
74 0.6288
75 0.63
76 0.6304
77 0.632
78 0.6328
79 0.6336
80 0.634
81 0.6348
82 0.6356
83 0.6364
84 0.6368
85 0.6376
86 0.638
87 0.6388
88 0.6396
89 0.64
90 0.6408
91 0.6416
92 0.642
93 0.6424
94 0.6432
95 0.6444
96 0.6448
97 0.6452
98 0.646
99 0.6464
100 0.6468
101 0.648
102 0.6492
103 0.6496
104 0.6496
105 0.65
106 0.6508
107 0.6512
108 0.652
109 0.6524
110 0.654
111 0.6544
112 0.6548
113 0.656
114 0.6564
115 0.6572
116 0.6576
117 0.658
118 0.6584
119 0.6588
120 0.6592
121 0.66
122 0.6604
123 0.6612
124 0.6616
125 0.6616
126 0.6624
127 0.6632
128 0.664
129 0.6644
130 0.6648
131 0.6652
132 0.6656
133 0.6664
134 0.6668
135 0.6672
136 0.6676
137 0.668
138 0.6688
139 0.6692
140 0.6696
141 0.6696
142 0.6704
143 0.6708
144 0.6708
145 0.6716
146 0.672
147 0.672
148 0.6728
149 0.6732
150 0.674
151 0.6744
152 0.6748
153 0.6752
154 0.6756
155 0.676
156 0.6764
157 0.6768
158 0.6772
159 0.6784
160 0.6788
161 0.6792
162 0.6792
163 0.6796
164 0.68
165 0.6804
166 0.6808
167 0.6816
168 0.682
169 0.682
170 0.6828
171 0.6828
172 0.6836
173 0.6836
174 0.684
175 0.6844
176 0.6852
177 0.6852
178 0.6856
179 0.6856
180 0.686
181 0.6868
182 0.6872
183 0.6872
184 0.6876
185 0.688
186 0.688
187 0.688
188 0.6884
189 0.6888
190 0.6892
191 0.6892
192 0.6896
193 0.69
194 0.69
195 0.6904
196 0.6908
197 0.6908
198 0.6912
199 0.6912
200 0.6912
201 0.6916
202 0.6916
203 0.6916
204 0.6916
205 0.6916
206 0.6916
207 0.6916
208 0.6916
209 0.6916
210 0.6916
211 0.6916
212 0.6916
213 0.6916
214 0.6916
215 0.6916
216 0.6916
217 0.6916
218 0.6916
219 0.6916
220 0.6916
221 0.6916
222 0.6916
223 0.6916
224 0.6916
225 0.6916
226 0.6916
227 0.6916
228 0.6916
229 0.6916
230 0.6916
231 0.6916
232 0.6916
233 0.6916
234 0.6916
235 0.6916
236 0.6916
237 0.6916
238 0.6916
239 0.6916
240 0.6916
241 0.6916
242 0.6916
243 0.6916
244 0.6916
245 0.6916
246 0.6916
247 0.6916
248 0.6916
249 0.6916
250 0.6916
251 0.6916
252 0.6916
253 0.692
254 0.692
255 0.6924
256 0.6928
257 0.6928
258 0.6932
259 0.6932
260 0.6932
261 0.6932
262 0.6932
263 0.6932
264 0.6932
265 0.6932
266 0.6932
267 0.6932
268 0.6932
269 0.6932
270 0.6932
271 0.6932
272 0.6932
273 0.6932
274 0.6932
275 0.6932
276 0.6932
277 0.6932
278 0.6932
279 0.6932
280 0.6932
281 0.6932
282 0.6932
283 0.6932
284 0.6932
285 0.6932
286 0.6932
287 0.6932
288 0.6932
289 0.6932
290 0.6932
291 0.6932
292 0.6932
293 0.6932
294 0.6932
295 0.6932
296 0.6932
297 0.6932
298 0.6932
299 0.6932
300 0.6932
301 0.6932
302 0.6932
303 0.6932
304 0.6932
305 0.6932
306 0.6932
307 0.6936
308 0.694
309 0.694
310 0.6944
311 0.6944
312 0.6944
313 0.6944
314 0.6944
315 0.6944
316 0.6944
317 0.6944
318 0.6944
319 0.6944
320 0.6944
321 0.6944
322 0.6944
323 0.6944
324 0.6944
325 0.6944
326 0.6944
327 0.6944
328 0.6944
329 0.6944
330 0.6944
331 0.6944
332 0.6944
333 0.6944
334 0.6944
335 0.6944
336 0.6944
337 0.6944
338 0.6944
339 0.6944
340 0.6944
341 0.6944
342 0.6944
343 0.6944
344 0.6944
345 0.6944
346 0.6944
347 0.6944
348 0.6944
349 0.6944
350 0.6944
351 0.6944
352 0.6948
353 0.6948
354 0.6948
355 0.6948
356 0.6948
357 0.6948
358 0.6952
359 0.6956
360 0.6956
361 0.6956
362 0.6956
363 0.6956
364 0.6956
365 0.6956
366 0.6956
367 0.6956
368 0.6956
369 0.6956
370 0.696
371 0.696
372 0.696
373 0.696
374 0.696
375 0.696
376 0.696
377 0.696
378 0.696
379 0.696
380 0.696
381 0.696
382 0.696
383 0.696
384 0.696
385 0.696
386 0.696
387 0.696
388 0.696
389 0.696
390 0.696
391 0.696
392 0.696
393 0.696
394 0.696
395 0.696
396 0.696
397 0.696
398 0.696
399 0.696
400 0.696
401 0.6964
402 0.6964
403 0.6968
404 0.6968
405 0.6968
406 0.6972
407 0.6972
408 0.6972
409 0.6972
410 0.6972
411 0.6972
412 0.6972
413 0.6972
414 0.6972
415 0.6972
416 0.6972
417 0.6972
418 0.6972
419 0.6972
420 0.6972
421 0.6972
422 0.6972
423 0.6972
424 0.6972
425 0.6972
426 0.6972
427 0.6972
428 0.6972
429 0.6972
430 0.6972
431 0.6972
432 0.6972
433 0.6972
434 0.6972
435 0.6972
436 0.6972
437 0.6972
438 0.6972
439 0.6972
440 0.6972
441 0.6972
442 0.6972
443 0.6972
444 0.6972
445 0.6972
446 0.6972
447 0.6972
448 0.6972
449 0.6972
450 0.6972
451 0.6972
452 0.6976
453 0.6976
454 0.6976
455 0.6976
456 0.6976
457 0.6976
458 0.6976
459 0.698
460 0.698
461 0.698
462 0.698
463 0.698
464 0.698
465 0.698
466 0.698
467 0.698
468 0.698
469 0.698
470 0.698
471 0.698
472 0.698
473 0.698
474 0.698
475 0.698
476 0.698
477 0.698
478 0.698
479 0.698
480 0.698
481 0.698
482 0.6984
483 0.6984
484 0.6984
485 0.6984
486 0.6984
487 0.6984
488 0.6984
489 0.6984
490 0.6984
491 0.6984
492 0.6984
493 0.6984
494 0.6984
495 0.6984
496 0.6984
497 0.6984
498 0.6984
499 0.6984
500 0.6984
501 0.6984
502 0.6984
503 0.6988
504 0.6988
505 0.6988
506 0.6988
507 0.6988
508 0.6988
509 0.6988
510 0.6988
511 0.6988
512 0.6988
513 0.6988
514 0.6988
515 0.6988
516 0.6988
517 0.6988
518 0.6988
519 0.6988
520 0.6988
521 0.6988
522 0.6988
523 0.6988
524 0.6988
525 0.6988
526 0.6988
527 0.6988
528 0.6988
529 0.6988
530 0.6988
531 0.6988
532 0.6988
533 0.6988
534 0.6988
535 0.6988
536 0.6988
537 0.6988
538 0.6988
539 0.6988
540 0.6988
541 0.6988
542 0.6988
543 0.6988
544 0.6988
545 0.6988
546 0.6988
547 0.6988
548 0.6988
549 0.6988
550 0.6988
551 0.6988
552 0.6992
553 0.6992
554 0.6992
555 0.6992
556 0.6992
557 0.6992
558 0.6992
559 0.6992
560 0.6992
561 0.6992
562 0.6992
563 0.6992
564 0.6992
565 0.6992
566 0.6992
567 0.6992
568 0.6992
569 0.6992
570 0.6992
571 0.6992
572 0.6992
573 0.6992
574 0.6992
575 0.6992
576 0.6992
577 0.6992
578 0.6992
579 0.6992
580 0.6992
581 0.6992
582 0.6992
583 0.6992
584 0.6992
585 0.6992
586 0.6992
587 0.6992
588 0.6992
589 0.6992
590 0.6992
591 0.6992
592 0.6992
593 0.6992
594 0.6992
595 0.6992
596 0.6992
597 0.6992
598 0.6992
599 0.6992
600 0.6992
601 0.6992
602 0.6996
603 0.6996
604 0.6996
605 0.7
606 0.7
607 0.7
608 0.7
609 0.7
610 0.7
611 0.7
612 0.7
613 0.7004
614 0.7004
615 0.7004
616 0.7004
617 0.7004
618 0.7004
619 0.7004
620 0.7004
621 0.7004
622 0.7004
623 0.7004
624 0.7004
625 0.7004
626 0.7004
627 0.7004
628 0.7004
629 0.7004
630 0.7004
631 0.7004
632 0.7004
633 0.7004
634 0.7004
635 0.7004
636 0.7004
637 0.7004
638 0.7004
639 0.7004
640 0.7004
641 0.7004
642 0.7004
643 0.7004
644 0.7004
645 0.7004
646 0.7004
647 0.7004
648 0.7004
649 0.7004
650 0.7004
651 0.7004
652 0.7004
653 0.7004
654 0.7008
655 0.7008
656 0.7008
657 0.7008
658 0.7008
659 0.7008
660 0.7008
661 0.7008
662 0.7008
663 0.7008
664 0.7008
665 0.7008
666 0.7008
667 0.7008
668 0.7008
669 0.7008
670 0.7008
671 0.7008
672 0.7008
673 0.7008
674 0.7008
675 0.7008
676 0.7008
677 0.7008
678 0.7008
679 0.7008
680 0.7008
681 0.7008
682 0.7008
683 0.7008
684 0.7008
685 0.7008
686 0.7008
687 0.7008
688 0.7008
689 0.7008
690 0.7008
691 0.7008
692 0.7008
693 0.7008
694 0.7008
695 0.7008
696 0.7008
697 0.7008
698 0.7008
699 0.7008
700 0.7008
701 0.7008
702 0.7008
703 0.7008
704 0.7008
705 0.7008
706 0.7008
707 0.7008
708 0.7008
709 0.7008
710 0.7008
711 0.7008
712 0.7012
713 0.7012
714 0.7012
715 0.7012
716 0.7012
717 0.7012
718 0.7012
719 0.7012
720 0.7012
721 0.7012
722 0.7012
723 0.7012
724 0.7012
725 0.7012
726 0.7012
727 0.7012
728 0.7012
729 0.7012
730 0.7012
731 0.7012
732 0.7012
733 0.7012
734 0.7012
735 0.7012
736 0.7012
737 0.7012
738 0.7012
739 0.7012
740 0.7012
741 0.7012
742 0.7012
743 0.7012
744 0.7012
745 0.7012
746 0.7012
747 0.7012
748 0.7012
749 0.7012
750 0.7012
751 0.7012
752 0.7016
753 0.7016
754 0.7016
755 0.702
756 0.702
757 0.702
758 0.702
759 0.702
760 0.702
761 0.702
762 0.702
763 0.702
764 0.702
765 0.702
766 0.702
767 0.702
768 0.702
769 0.702
770 0.702
771 0.702
772 0.702
773 0.702
774 0.702
775 0.702
776 0.702
777 0.702
778 0.702
779 0.702
780 0.702
781 0.702
782 0.702
783 0.702
784 0.702
785 0.702
786 0.702
787 0.702
788 0.702
789 0.702
790 0.702
791 0.702
792 0.702
793 0.702
794 0.702
795 0.702
796 0.702
797 0.702
798 0.702
799 0.702
800 0.702
801 0.702
802 0.702
803 0.702
804 0.702
805 0.702
806 0.702
807 0.702
808 0.702
809 0.7024
810 0.7028
811 0.7028
812 0.7028
813 0.7028
814 0.7028
815 0.7028
816 0.7028
817 0.7028
818 0.7028
819 0.7028
820 0.7028
821 0.7028
822 0.7028
823 0.7028
824 0.7028
825 0.7028
826 0.7028
827 0.7028
828 0.7028
829 0.7028
830 0.7028
831 0.7028
832 0.7028
833 0.7028
834 0.7028
835 0.7028
836 0.7028
837 0.7028
838 0.7028
839 0.7028
840 0.7028
841 0.7028
842 0.7028
843 0.7028
844 0.7028
845 0.7028
846 0.7028
847 0.7028
848 0.7028
849 0.7028
850 0.7028
851 0.7028
852 0.7032
853 0.7032
854 0.7036
855 0.704
856 0.704
857 0.704
858 0.704
859 0.704
860 0.704
861 0.704
862 0.704
863 0.704
864 0.704
865 0.704
866 0.704
867 0.704
868 0.704
869 0.704
870 0.704
871 0.704
872 0.704
873 0.704
874 0.704
875 0.704
876 0.704
877 0.704
878 0.704
879 0.704
880 0.704
881 0.704
882 0.704
883 0.704
884 0.704
885 0.704
886 0.704
887 0.704
888 0.704
889 0.704
890 0.704
891 0.704
892 0.704
893 0.704
894 0.704
895 0.704
896 0.704
897 0.704
898 0.704
899 0.704
900 0.7044
901 0.7044
902 0.7044
903 0.7044
904 0.7044
905 0.7044
906 0.7044
907 0.7044
908 0.7044
909 0.7044
910 0.7044
911 0.7044
912 0.7044
913 0.7044
914 0.7044
915 0.7044
916 0.7044
917 0.7044
918 0.7044
919 0.7044
920 0.7044
921 0.7044
922 0.7044
923 0.7044
924 0.7044
925 0.7044
926 0.7044
927 0.7044
928 0.7044
929 0.7044
930 0.7044
931 0.7044
932 0.7044
933 0.7044
934 0.7044
935 0.7044
936 0.7044
937 0.7044
938 0.7044
939 0.7044
940 0.7044
941 0.7044
942 0.7044
943 0.7044
944 0.7044
945 0.7048
946 0.7048
947 0.7048
948 0.7048
949 0.7048
950 0.7048
951 0.7048
952 0.7052
953 0.7052
954 0.7052
955 0.7052
956 0.7052
957 0.7052
958 0.7052
959 0.7052
960 0.7052
961 0.7056
962 0.7056
963 0.7056
964 0.7056
965 0.7056
966 0.7056
967 0.7056
968 0.7056
969 0.7056
970 0.7056
971 0.7056
972 0.7056
973 0.7056
974 0.7056
975 0.7056
976 0.7056
977 0.7056
978 0.7056
979 0.7056
980 0.7056
981 0.7056
982 0.7056
983 0.7056
984 0.7056
985 0.7056
986 0.7056
987 0.7056
988 0.7056
989 0.7056
990 0.7056
991 0.7056
992 0.7056
993 0.7056
994 0.7056
995 0.7056
996 0.7056
997 0.7056
998 0.7056
999 0.7056
