1 0.506
2 0.50604
3 0.50612
4 0.5062
5 0.50632
6 0.50636
7 0.50648
8 0.5066
9 0.50672
10 0.50672
11 0.50684
12 0.50688
13 0.50696
14 0.50704
15 0.50708
16 0.5072
17 0.50728
18 0.50732
19 0.5074
20 0.50748
21 0.50752
22 0.5076
23 0.50768
24 0.5078
25 0.50784
26 0.50792
27 0.508
28 0.50808
29 0.5082
30 0.50824
31 0.50828
32 0.5084
33 0.50844
34 0.50856
35 0.50868
36 0.50872
37 0.50884
38 0.50892
39 0.50896
40 0.50904
41 0.50908
42 0.50916
43 0.5092
44 0.50932
45 0.50944
46 0.50948
47 0.50956
48 0.50968
49 0.50968
50 0.5098
51 0.50984
52 0.50996
53 0.51008
54 0.51012
55 0.51024
56 0.51028
57 0.5104
58 0.51056
59 0.51064
60 0.51068
61 0.5108
62 0.51092
63 0.51096
64 0.511
65 0.51108
66 0.5112
67 0.51124
68 0.51132
69 0.51136
70 0.51148
71 0.51156
72 0.5116
73 0.51168
74 0.51176
75 0.51188
76 0.51196
77 0.512
78 0.51212
79 0.51228
80 0.5124
81 0.51252
82 0.51252
83 0.51256
84 0.51264
85 0.51272
86 0.5128
87 0.51284
88 0.51296
89 0.513
90 0.51304
91 0.51316
92 0.51332
93 0.5134
94 0.51348
95 0.51356
96 0.51364
97 0.51372
98 0.51384
99 0.51388
100 0.51396
101 0.514
102 0.51416
103 0.51428
104 0.51444
105 0.51448
106 0.5146
107 0.51464
108 0.51476
109 0.51484
110 0.51484
111 0.51496
112 0.51504
113 0.51516
114 0.51528
115 0.51532
116 0.51544
117 0.51548
118 0.5156
119 0.5156
120 0.51568
121 0.51576
122 0.51588
123 0.516
124 0.516
125 0.51612
126 0.5162
127 0.51624
128 0.51632
129 0.5164
130 0.51644
131 0.51656
132 0.5166
133 0.51668
134 0.51676
135 0.5168
136 0.51688
137 0.51692
138 0.517
139 0.51712
140 0.5172
141 0.51732
142 0.51736
143 0.5174
144 0.51748
145 0.5176
146 0.51768
147 0.51772
148 0.5178
149 0.51792
150 0.51804
151 0.51808
152 0.51816
153 0.5182
154 0.51832
155 0.5184
156 0.51844
157 0.51852
158 0.5186
159 0.51864
160 0.51876
161 0.51884
162 0.51888
163 0.519
164 0.51912
165 0.5192
166 0.5192
167 0.51932
168 0.5194
169 0.51952
170 0.5196
171 0.51972
172 0.51976
173 0.51984
174 0.51992
175 0.51996
176 0.52012
177 0.52012
178 0.5202
179 0.52024
180 0.52032
181 0.52036
182 0.52052
183 0.52056
184 0.52064
185 0.52072
186 0.52076
187 0.5208
188 0.52096
189 0.52104
190 0.52112
191 0.52124
192 0.52128
193 0.52132
194 0.52144
195 0.52152
196 0.52156
197 0.52164
198 0.52172
199 0.52176
200 0.52188
201 0.522
202 0.52208
203 0.52212
204 0.5222
205 0.52228
206 0.5224
207 0.52252
208 0.5226
209 0.52264
210 0.52272
211 0.52284
212 0.52292
213 0.52308
214 0.52312
215 0.52324
216 0.52332
217 0.5234
218 0.52344
219 0.52356
220 0.52364
221 0.52372
222 0.52376
223 0.5238
224 0.52388
225 0.52392
226 0.524
227 0.52404
228 0.52416
229 0.52424
230 0.52436
231 0.52436
232 0.52444
233 0.52452
234 0.52456
235 0.52464
236 0.52472
237 0.5248
238 0.52492
239 0.525
240 0.52504
241 0.52512
242 0.5252
243 0.52524
244 0.52536
245 0.5254
246 0.52548
247 0.52556
248 0.5256
249 0.52572
250 0.52576
251 0.52584
252 0.52588
253 0.526
254 0.52612
255 0.52612
256 0.5262
257 0.52628
258 0.5264
259 0.52648
260 0.52656
261 0.5266
262 0.52668
263 0.52672
264 0.52684
265 0.52692
266 0.52696
267 0.52708
268 0.52708
269 0.52716
270 0.52724
271 0.5274
272 0.52752
273 0.52764
274 0.52768
275 0.52772
276 0.5278
277 0.52796
278 0.52804
279 0.52812
280 0.5282
281 0.52832
282 0.52836
283 0.52844
284 0.52848
285 0.5286
286 0.52864
287 0.52872
288 0.5288
289 0.52884
290 0.52896
291 0.52904
292 0.5292
293 0.52928
294 0.52936
295 0.52936
296 0.52944
297 0.52952
298 0.52952
299 0.5296
300 0.52968
301 0.52976
302 0.52984
303 0.52988
304 0.53
305 0.53008
306 0.5302
307 0.53024
308 0.53028
309 0.5304
310 0.53048
311 0.53052
312 0.53056
313 0.53068
314 0.53072
315 0.5308
316 0.53088
317 0.531
318 0.53112
319 0.53116
320 0.5312
321 0.53124
322 0.53128
323 0.53136
324 0.53144
325 0.53148
326 0.53156
327 0.53168
328 0.53168
329 0.53172
330 0.53188
331 0.532
332 0.53208
333 0.53212
334 0.5322
335 0.53224
336 0.53232
337 0.5324
338 0.53248
339 0.5326
340 0.53264
341 0.53272
342 0.5328
343 0.53284
344 0.53296
345 0.533
346 0.53304
347 0.53316
348 0.5332
349 0.53324
350 0.53332
351 0.53336
352 0.53348
353 0.53356
354 0.53364
355 0.53368
356 0.53384
357 0.53392
358 0.53396
359 0.534
360 0.53408
361 0.53412
362 0.5342
363 0.53424
364 0.53436
365 0.53444
366 0.53456
367 0.5346
368 0.53468
369 0.53472
370 0.5348
371 0.53484
372 0.53492
373 0.53508
374 0.53516
375 0.53528
376 0.53532
377 0.5354
378 0.53544
379 0.53552
380 0.5356
381 0.53564
382 0.53568
383 0.53576
384 0.53584
385 0.53588
386 0.536
387 0.53604
388 0.53608
389 0.53616
390 0.53628
391 0.5364
392 0.53644
393 0.53648
394 0.53656
395 0.53664
396 0.53672
397 0.5368
398 0.53688
399 0.53696
400 0.53704
401 0.53712
402 0.53724
403 0.53728
404 0.53736
405 0.53744
406 0.53752
407 0.5376
408 0.5376
409 0.53768
410 0.53772
411 0.53776
412 0.53784
413 0.53796
414 0.53808
415 0.53812
416 0.5382
417 0.53824
418 0.53828
419 0.5384
420 0.53844
421 0.53856
422 0.5386
423 0.53864
424 0.53868
425 0.5388
426 0.53884
427 0.53888
428 0.539
429 0.539
430 0.53908
431 0.5392
432 0.53928
433 0.5394
434 0.53948
435 0.5396
436 0.53968
437 0.53972
438 0.5398
439 0.53984
440 0.53992
441 0.54
442 0.54004
443 0.54008
444 0.54016
445 0.54024
446 0.54032
447 0.5404
448 0.54048
449 0.5406
450 0.54068
451 0.54072
452 0.5408
453 0.54092
454 0.54096
455 0.54104
456 0.54112
457 0.5412
458 0.5412
459 0.54128
460 0.54144
461 0.54152
462 0.5416
463 0.54164
464 0.54164
465 0.54176
466 0.54184
467 0.54188
468 0.54196
469 0.542
470 0.54208
471 0.54216
472 0.5422
473 0.54224
474 0.54232
475 0.54236
476 0.54244
477 0.54252
478 0.54256
479 0.54268
480 0.5428
481 0.5428
482 0.54292
483 0.54296
484 0.543
485 0.54308
486 0.54316
487 0.54324
488 0.54332
489 0.54336
490 0.54344
491 0.54348
492 0.54356
493 0.54356
494 0.54368
495 0.54372
496 0.5438
497 0.54384
498 0.544
499 0.54404
500 0.54408
501 0.54416
502 0.54424
503 0.54432
504 0.54444
505 0.54448
506 0.54452
507 0.5446
508 0.54464
509 0.54472
510 0.54476
511 0.54484
512 0.54492
513 0.54496
514 0.545
515 0.54508
516 0.54512
517 0.54516
518 0.54524
519 0.54536
520 0.5454
521 0.54544
522 0.54556
523 0.5456
524 0.54568
525 0.54572
526 0.5458
527 0.54588
528 0.546
529 0.54612
530 0.5462
531 0.54624
532 0.54628
533 0.54632
534 0.54636
535 0.54644
536 0.54648
537 0.5466
538 0.54664
539 0.54668
540 0.54672
541 0.5468
542 0.54688
543 0.54696
544 0.54696
545 0.54708
546 0.54712
547 0.5472
548 0.54728
549 0.5474
550 0.54752
551 0.54752
552 0.54756
553 0.54772
554 0.54772
555 0.5478
556 0.54792
557 0.54796
558 0.54804
559 0.54804
560 0.54808
561 0.5482
562 0.5482
563 0.54828
564 0.54828
565 0.54836
566 0.54848
567 0.54856
568 0.5486
569 0.54864
570 0.54872
571 0.5488
572 0.54884
573 0.54892
574 0.54896
575 0.549
576 0.54912
577 0.54912
578 0.5492
579 0.54928
580 0.54932
581 0.5494
582 0.54944
583 0.54952
584 0.5496
585 0.54972
586 0.54976
587 0.54984
588 0.54988
589 0.55
590 0.55
591 0.55004
592 0.55008
593 0.5502
594 0.55028
595 0.55036
596 0.5504
597 0.55048
598 0.55048
599 0.55052
600 0.55056
601 0.55068
602 0.55072
603 0.55076
604 0.5508
605 0.55088
606 0.55104
607 0.55108
608 0.55116
609 0.5512
610 0.55136
611 0.55144
612 0.55144
613 0.55156
614 0.55156
615 0.5516
616 0.55172
617 0.55176
618 0.5518
619 0.55192
620 0.55196
621 0.55204
622 0.55208
623 0.5522
624 0.55228
625 0.55236
626 0.5524
627 0.55248
628 0.55256
629 0.55264
630 0.55272
631 0.55288
632 0.55296
633 0.55296
634 0.55304
635 0.55308
636 0.55312
637 0.5532
638 0.55324
639 0.55336
640 0.55348
641 0.55348
642 0.55356
643 0.5536
644 0.55364
645 0.55368
646 0.55376
647 0.55384
648 0.55396
649 0.554
650 0.55404
651 0.55412
652 0.5542
653 0.55432
654 0.55444
655 0.55448
656 0.5546
657 0.55468
658 0.55472
659 0.55476
660 0.55484
661 0.55492
662 0.555
663 0.55508
664 0.55512
665 0.5552
666 0.55528
667 0.55528
668 0.55536
669 0.55544
670 0.55548
671 0.55564
672 0.55572
673 0.55572
674 0.55576
675 0.55584
676 0.55588
677 0.55596
678 0.55604
679 0.55608
680 0.55612
681 0.55616
682 0.5562
683 0.55636
684 0.5564
685 0.55644
686 0.55648
687 0.55652
688 0.5566
689 0.55664
690 0.55672
691 0.55684
692 0.55688
693 0.55696
694 0.55708
695 0.55712
696 0.5572
697 0.55732
698 0.5574
699 0.55752
700 0.55756
701 0.5576
702 0.55772
703 0.55784
704 0.55792
705 0.55796
706 0.558
707 0.55808
708 0.55812
709 0.55816
710 0.5582
711 0.55824
712 0.55832
713 0.5584
714 0.5584
715 0.55852
716 0.5586
717 0.55872
718 0.55876
719 0.5588
720 0.55884
721 0.55888
722 0.55896
723 0.559
724 0.55904
725 0.55908
726 0.55912
727 0.5592
728 0.55924
729 0.55928
730 0.55936
731 0.5594
732 0.55948
733 0.55956
734 0.55968
735 0.55968
736 0.5598
737 0.5598
738 0.55984
739 0.55992
740 0.56
741 0.56008
742 0.56016
743 0.5602
744 0.56028
745 0.56036
746 0.5604
747 0.56048
748 0.56052
749 0.5606
750 0.56064
751 0.56072
752 0.56076
753 0.5608
754 0.56088
755 0.56092
756 0.561
757 0.56112
758 0.56116
759 0.5612
760 0.56128
761 0.56132
762 0.56136
763 0.56144
764 0.56152
765 0.56156
766 0.56164
767 0.56172
768 0.56176
769 0.56188
770 0.56196
771 0.56204
772 0.56212
773 0.56216
774 0.56224
775 0.56232
776 0.56236
777 0.56248
778 0.56252
779 0.56256
780 0.56264
781 0.56272
782 0.56276
783 0.56284
784 0.56288
785 0.56296
786 0.56296
787 0.56304
788 0.56308
789 0.56316
790 0.56316
791 0.56328
792 0.56328
793 0.56332
794 0.5634
795 0.56344
796 0.56348
797 0.56356
798 0.5636
799 0.56364
800 0.56372
801 0.56376
802 0.5638
803 0.56392
804 0.56396
805 0.564
806 0.56412
807 0.5642
808 0.56428
809 0.56432
810 0.56436
811 0.56452
812 0.56456
813 0.56464
814 0.56464
815 0.56472
816 0.56476
817 0.56484
818 0.56488
819 0.56492
820 0.56496
821 0.565
822 0.56504
823 0.56512
824 0.56524
825 0.56524
826 0.56532
827 0.5654
828 0.56544
829 0.56548
830 0.56556
831 0.56564
832 0.56568
833 0.56572
834 0.56584
835 0.56588
836 0.56592
837 0.566
838 0.56604
839 0.56612
840 0.56616
841 0.5662
842 0.56632
843 0.56644
844 0.56644
845 0.56644
846 0.56652
847 0.56652
848 0.56656
849 0.5666
850 0.56664
851 0.56672
852 0.56684
853 0.56684
854 0.56692
855 0.56696
856 0.56704
857 0.56704
858 0.56712
859 0.56716
860 0.56724
861 0.56724
862 0.56732
863 0.5674
864 0.56748
865 0.5676
866 0.56764
867 0.56772
868 0.56776
869 0.5678
870 0.5678
871 0.56788
872 0.56792
873 0.56796
874 0.56804
875 0.56808
876 0.56816
877 0.56824
878 0.56828
879 0.56832
880 0.5684
881 0.56844
882 0.56848
883 0.56852
884 0.56856
885 0.5686
886 0.56864
887 0.56872
888 0.5688
889 0.56884
890 0.56892
891 0.56896
892 0.56904
893 0.56908
894 0.56912
895 0.56916
896 0.56924
897 0.56932
898 0.56936
899 0.5694
900 0.56944
901 0.56952
902 0.56956
903 0.56972
904 0.56976
905 0.5698
906 0.56984
907 0.56988
908 0.56996
909 0.57
910 0.57004
911 0.57008
912 0.57012
913 0.57016
914 0.57028
915 0.57036
916 0.57036
917 0.5704
918 0.57048
919 0.57048
920 0.57056
921 0.5706
922 0.57076
923 0.5708
924 0.57084
925 0.57088
926 0.571
927 0.57112
928 0.5712
929 0.5712
930 0.57124
931 0.57132
932 0.57136
933 0.57136
934 0.5714
935 0.57144
936 0.57148
937 0.57156
938 0.57156
939 0.57164
940 0.57168
941 0.57176
942 0.5718
943 0.57188
944 0.57188
945 0.57196
946 0.57196
947 0.572
948 0.57212
949 0.5722
950 0.57224
951 0.57228
952 0.57236
953 0.5724
954 0.57244
955 0.57248
956 0.5726
957 0.5726
958 0.57268
959 0.57272
960 0.57272
961 0.5728
962 0.57284
963 0.57288
964 0.57296
965 0.573
966 0.57304
967 0.57308
968 0.57312
969 0.57316
970 0.5732
971 0.57324
972 0.57336
973 0.5734
974 0.57344
975 0.57348
976 0.57352
977 0.5736
978 0.57364
979 0.57368
980 0.57376
981 0.5738
982 0.57384
983 0.57384
984 0.57392
985 0.57396
986 0.57408
987 0.57412
988 0.57424
989 0.57424
990 0.57424
991 0.57436
992 0.5744
993 0.57444
994 0.57448
995 0.57452
996 0.5746
997 0.5746
998 0.57468
999 0.57472
1000 0.5748
1001 0.57484
1002 0.57488
1003 0.57496
1004 0.57504
1005 0.57508
1006 0.57508
1007 0.57512
1008 0.57516
1009 0.57528
1010 0.57532
1011 0.57532
1012 0.57536
1013 0.57544
1014 0.57548
1015 0.57556
1016 0.57556
1017 0.57564
1018 0.57564
1019 0.57576
1020 0.57576
1021 0.57584
1022 0.57584
1023 0.57588
1024 0.57592
1025 0.57596
1026 0.57604
1027 0.57612
1028 0.5762
1029 0.57628
1030 0.57632
1031 0.5764
1032 0.5764
1033 0.57648
1034 0.57652
1035 0.57656
1036 0.5766
1037 0.57672
1038 0.57672
1039 0.57676
1040 0.5768
1041 0.57688
1042 0.57692
1043 0.577
1044 0.577
1045 0.57704
1046 0.57708
1047 0.57716
1048 0.57716
1049 0.57728
1050 0.57736
1051 0.57744
1052 0.57748
1053 0.57752
1054 0.57756
1055 0.57764
1056 0.57764
1057 0.57772
1058 0.5778
1059 0.57788
1060 0.57792
1061 0.57792
1062 0.57804
1063 0.57804
1064 0.57816
1065 0.5782
1066 0.57824
1067 0.57836
1068 0.57836
1069 0.57844
1070 0.57852
1071 0.57856
1072 0.57864
1073 0.57868
1074 0.57872
1075 0.57876
1076 0.5788
1077 0.57884
1078 0.57892
1079 0.579
1080 0.57904
1081 0.57908
1082 0.57912
1083 0.57916
1084 0.5792
1085 0.57928
1086 0.57936
1087 0.57944
1088 0.57952
1089 0.57956
1090 0.57964
1091 0.57968
1092 0.57972
1093 0.57976
1094 0.57984
1095 0.57984
1096 0.57984
1097 0.57992
1098 0.58
1099 0.58004
1100 0.58008
1101 0.58012
1102 0.5802
1103 0.58024
1104 0.58028
1105 0.58036
1106 0.5804
1107 0.58048
1108 0.58052
1109 0.5806
1110 0.58068
1111 0.58072
1112 0.58072
1113 0.58076
1114 0.58084
1115 0.58092
1116 0.581
1117 0.58104
1118 0.58108
1119 0.58112
1120 0.58116
1121 0.5812
1122 0.58128
1123 0.58128
1124 0.58132
1125 0.5814
1126 0.58148
1127 0.58152
1128 0.5816
1129 0.58164
1130 0.58168
1131 0.5818
1132 0.5818
1133 0.58184
1134 0.58192
1135 0.58196
1136 0.58196
1137 0.58208
1138 0.58212
1139 0.58212
1140 0.58216
1141 0.58224
1142 0.58228
1143 0.58236
1144 0.58236
1145 0.58244
1146 0.58252
1147 0.58256
1148 0.5826
1149 0.58268
1150 0.58272
1151 0.58276
1152 0.5828
1153 0.58284
1154 0.58288
1155 0.58296
1156 0.58304
1157 0.58312
1158 0.58316
1159 0.58324
1160 0.58332
1161 0.58336
1162 0.58344
1163 0.58348
1164 0.58352
1165 0.58364
1166 0.58364
1167 0.58364
1168 0.58364
1169 0.58372
1170 0.5838
1171 0.58384
1172 0.58388
1173 0.58392
1174 0.58392
1175 0.584
1176 0.58404
1177 0.58412
1178 0.58412
1179 0.5842
1180 0.5842
1181 0.58424
1182 0.58428
1183 0.58432
1184 0.58436
1185 0.58444
1186 0.58448
1187 0.58452
1188 0.5846
1189 0.58468
1190 0.58468
1191 0.58476
1192 0.5848
1193 0.58484
1194 0.58484
1195 0.58488
1196 0.58496
1197 0.585
1198 0.58508
1199 0.58508
1200 0.58516
1201 0.58516
1202 0.5852
1203 0.58524
1204 0.58528
1205 0.58532
1206 0.58536
1207 0.5854
1208 0.58544
1209 0.58548
1210 0.58556
1211 0.5856
1212 0.58568
1213 0.58568
1214 0.58572
1215 0.5858
1216 0.58588
1217 0.58588
1218 0.58592
1219 0.586
1220 0.58608
1221 0.58616
1222 0.58632
1223 0.58636
1224 0.5864
1225 0.58644
1226 0.58652
1227 0.5866
1228 0.58664
1229 0.58672
1230 0.58676
1231 0.58676
1232 0.5868
1233 0.58684
1234 0.58684
1235 0.58692
1236 0.587
1237 0.58708
1238 0.58708
1239 0.58716
1240 0.58724
1241 0.58724
1242 0.58728
1243 0.58732
1244 0.58744
1245 0.58744
1246 0.58748
1247 0.58752
1248 0.58756
1249 0.5876
1250 0.58768
1251 0.58776
1252 0.58776
1253 0.5878
1254 0.58788
1255 0.58792
1256 0.58796
1257 0.58804
1258 0.58804
1259 0.58808
1260 0.58812
1261 0.5882
1262 0.58824
1263 0.58832
1264 0.5884
1265 0.58844
1266 0.58848
1267 0.58856
1268 0.58868
1269 0.58872
1270 0.58876
1271 0.5888
1272 0.58884
1273 0.58888
1274 0.58896
1275 0.58904
1276 0.58912
1277 0.58916
1278 0.58924
1279 0.58928
1280 0.58928
1281 0.58932
1282 0.58936
1283 0.58944
1284 0.58948
1285 0.58952
1286 0.58964
1287 0.58968
1288 0.58972
1289 0.58976
1290 0.58984
1291 0.58988
1292 0.58996
1293 0.59
1294 0.59004
1295 0.59016
1296 0.5902
1297 0.59028
1298 0.59036
1299 0.59044
1300 0.59048
1301 0.59056
1302 0.59056
1303 0.5906
1304 0.59064
1305 0.59072
1306 0.59076
1307 0.59076
1308 0.59088
1309 0.59096
1310 0.59104
1311 0.59108
1312 0.59112
1313 0.59116
1314 0.59124
1315 0.59124
1316 0.59128
1317 0.59132
1318 0.59136
1319 0.59144
1320 0.59152
1321 0.59156
1322 0.5916
1323 0.5916
1324 0.59164
1325 0.59168
1326 0.59172
1327 0.5918
1328 0.59184
1329 0.59188
1330 0.59192
1331 0.59192
1332 0.59192
1333 0.59208
1334 0.59212
1335 0.59216
1336 0.59216
1337 0.5922
1338 0.59228
1339 0.59228
1340 0.59236
1341 0.5924
1342 0.5924
1343 0.59244
1344 0.59252
1345 0.59252
1346 0.59256
1347 0.5926
1348 0.59264
1349 0.59272
1350 0.59276
1351 0.5928
1352 0.59284
1353 0.59292
1354 0.59296
1355 0.593
1356 0.59304
1357 0.59312
1358 0.5932
1359 0.59324
1360 0.59328
1361 0.59336
1362 0.59344
1363 0.59344
1364 0.59352
1365 0.5936
1366 0.59364
1367 0.59372
1368 0.59372
1369 0.59372
1370 0.5938
1371 0.59388
